0,5.5,0,0,0,0,
1,0,1,1.400000,1,0,
1,4,1,1.400000,0,0,
1,0,1,1.516732,0,0,
1,0,1,1.633463,0,0,
1,0,1,1.750195,0,0,
1,2,1,1.983658,1,0,
1,6,1,1.983658,0,0,
1,5,1,2.100389,1,0,
1,4,1,2.100389,0,0,
1,4,1,2.217120,1,0,
1,5,1,2.217120,0,0,
1,1,1,2.333852,1,0,
1,4,1,2.333852,0,0,
1,2,1,2.450583,0,0,
1,2,1,2.567315,1,0,
1,1,1,2.567315,0,0,
1,5,1,2.684046,1,0,
1,6,1,2.684046,0,0,
1,4,1,2.917509,0,0,
1,2,1,3.034240,1,0,
1,4,1,3.034240,0,0,
1,4,1,3.150972,0,0,
1,2,1,3.267703,1,0,
1,3,1,3.267703,0,0,
1,5,1,3.384434,1,0,
1,3,1,3.384434,0,0,
1,0,1,3.501166,1,0,
1,1,1,3.501166,0,0,
1,1,1,3.617897,1,0,
1,2,1,3.617897,0,0,
1,6,1,3.734629,0,0,
1,0,1,3.851360,1,0,
1,4,1,3.851360,0,0,
1,1,1,3.968091,1,0,
1,3,1,3.968091,0,0,
1,3,1,4.084823,1,0,
1,6,1,4.084823,0,0,
1,1,1,4.201555,1,0,
1,6,1,4.201555,0,0,
1,2,1,4.318286,0,0,
1,4,1,4.435018,1,0,
1,1,1,4.435018,0,0,
1,4,1,4.551750,0,0,
1,1,1,4.668480,1,0,
1,6,1,4.668480,0,0,
1,1,1,4.785213,0,0,
1,6,1,4.901944,1,0,
1,0,1,4.901944,0,0,
1,4,1,5.018676,0,0,
1,3,1,5.135407,1,0,
1,4,1,5.135407,0,0,
1,3,1,5.368871,0,0,
1,3,1,5.602334,0,0,
1,3,1,5.719064,0,0,
1,4,1,5.835796,1,0,
1,2,1,5.835796,0,0,
1,0,1,5.952528,0,0,
1,5,1,6.069259,1,0,
1,0,1,6.069259,0,0,
1,4,1,6.302722,1,0,
1,6,1,6.302722,0,0,
1,2,1,6.419454,0,0,
1,1,1,6.769649,1,0,
1,4,1,6.769649,0,0,
1,2,1,6.886381,0,0,
1,3,1,7.003111,1,0,
1,5,1,7.003111,0,0,
1,2,1,7.119843,1,0,
1,6,1,7.119843,0,0,
1,0,1,7.236575,1,0,
1,6,1,7.236575,0,0,
1,2,1,7.353306,1,0,
1,1,1,7.353306,0,0,
1,4,1,7.470038,1,0,
1,5,1,7.470038,0,0,
1,1,1,7.586770,1,0,
1,0,1,7.586770,0,0,
1,0,1,7.820233,1,0,
1,3,1,7.820233,0,0,
1,3,1,8.053696,1,0,
1,4,1,8.053696,0,0,
1,3,1,8.170427,1,0,
1,0,1,8.170427,0,0,
1,6,1,8.287159,1,0,
1,2,1,8.287159,0,0,
1,5,1,8.403891,1,0,
1,3,1,8.403891,0,0,
1,4,1,8.520622,1,0,
1,3,1,8.520622,0,0,
1,0,1,8.637354,1,0,
1,4,1,8.637354,0,0,
1,5,1,8.754086,1,0,
1,6,1,8.754086,0,0,
1,5,1,8.870817,1,0,
1,3,1,8.870817,0,0,
1,5,1,8.987550,0,0,
1,0,1,9.104280,1,0,
1,4,1,9.104280,0,0,
1,1,1,9.221013,0,0,
1,3,1,9.337744,1,0,
1,0,1,9.337744,0,0,
1,2,1,9.454476,0,0,
1,4,1,9.571207,1,0,
1,1,1,9.571207,0,0,
1,3,1,9.687940,0,0,
1,1,1,9.804670,1,0,
1,3,1,9.804670,0,0,
1,0,1,9.921403,0,0,
1,4,1,10.038134,1,0,
1,0,1,10.038134,0,0,
1,1,1,10.154866,0,0,
1,2,1,10.271597,1,0,
1,3,1,10.271597,0,0,
1,5,1,10.388330,0,0,
1,3,1,10.505060,1,0,
1,1,1,10.505060,0,0,
1,2,1,10.621793,0,0,
1,0,1,10.738523,1,0,
1,5,1,10.738523,0,0,
1,4,1,10.855256,0,0,
1,1,1,10.971987,1,0,
1,3,1,10.971987,0,0,
1,1,1,11.088719,0,0,
1,6,1,11.205450,1,0,
1,3,1,11.205450,0,0,
1,6,1,11.322183,0,0,
1,3,1,11.438913,1,0,
1,2,1,11.438913,0,0,
1,3,1,11.555646,0,0,
1,0,1,11.672377,1,0,
1,6,1,11.672377,0,0,
1,5,1,11.789109,0,0,
1,0,1,11.905840,1,0,
1,5,1,11.905840,0,0,
1,0,1,12.022573,0,0,
1,5,1,12.139302,0,0,
1,4,1,12.256036,0,0,
1,2,1,12.372766,1,0,
1,6,1,12.372766,0,0,
1,2,1,12.489499,0,0,
1,1,1,12.606230,1,0,
1,3,1,12.606230,0,0,
1,2,1,12.722962,0,0,
1,5,1,12.839693,1,0,
1,2,1,12.839693,0,0,
1,0,1,12.956426,0,0,
1,3,1,13.073156,1,0,
1,0,1,13.073156,0,0,
1,4,1,13.189889,0,0,
1,2,1,13.306620,1,0,
1,5,1,13.306620,0,0,
1,4,1,13.423352,0,0,
1,0,1,13.540083,1,0,
1,5,1,13.540083,0,0,
1,5,1,13.656816,0,0,
1,6,1,13.773546,1,0,
1,4,1,13.773546,0,0,
1,0,1,13.890279,0,0,
1,2,1,14.007009,0,0,
1,3,1,14.123742,0,0,
1,5,1,14.240474,0,0,
1,1,1,14.298838,0,0,
1,3,1,14.357204,1,0,
1,6,1,14.357204,0,0,
1,5,1,14.415569,0,0,
1,0,1,14.473936,1,0,
1,2,1,14.473936,0,0,
1,3,1,14.590668,1,0,
1,2,1,14.590668,0,0,
1,0,1,14.824131,1,0,
1,1,1,14.824131,0,0,
1,1,1,14.940863,1,0,
1,6,1,14.940863,0,0,
1,2,1,15.174326,1,0,
1,1,1,15.174326,0,0,
1,5,1,15.291058,1,0,
1,0,1,15.291058,0,0,
1,5,1,16.108179,0,0,
1,2,1,16.224911,0,0,
1,2,1,16.341640,1,0,
1,4,1,16.341640,0,0,
1,5,1,16.575104,1,0,
1,4,1,16.575104,0,0,
1,4,1,16.808567,1,0,
1,1,1,16.808567,0,0,
1,2,1,17.042030,1,0,
1,6,1,17.042030,0,0,
1,6,1,17.275494,1,0,
1,4,1,17.275494,0,0,
1,1,1,17.508957,1,0,
1,0,1,17.508957,0,0,
1,2,1,17.625690,0,0,
1,5,1,17.742420,1,0,
1,1,1,17.742420,0,0,
1,2,1,17.975883,1,0,
1,1,1,17.975883,0,0,
1,5,1,18.092617,0,0,
1,3,1,18.209347,1,0,
1,5,1,18.209347,0,0,
1,0,1,18.442810,1,0,
1,3,1,18.442810,0,0,
1,2,1,18.676273,1,0,
1,3,1,18.676273,0,0,
1,0,1,18.909737,1,0,
1,3,1,18.909737,0,0,
1,1,1,19.143200,1,0,
1,5,1,19.143200,0,0,
1,6,1,19.259933,0,0,
1,4,1,19.376663,1,0,
1,2,1,19.376663,0,0,
1,0,1,19.610126,1,0,
1,4,1,19.610126,0,0,
1,3,1,19.843590,1,0,
1,4,1,19.843590,0,0,
1,5,1,19.960323,0,0,
1,6,1,20.077053,1,0,
1,0,1,20.077053,0,0,
1,3,1,20.310516,1,0,
1,6,1,20.310516,0,0,
1,1,1,20.427250,0,0,
1,0,1,20.543980,1,0,
1,5,1,20.543980,0,0,
1,1,1,20.777443,1,0,
1,4,1,20.777443,0,0,
1,0,1,21.010906,1,0,
1,3,1,21.010906,0,0,
1,4,1,21.244370,1,0,
1,3,1,21.244370,0,0,
1,0,1,21.361103,0,0,
1,5,1,21.477833,1,0,
1,0,1,21.477833,0,0,
1,0,1,21.711296,1,0,
1,2,1,21.711296,0,0,
1,0,1,21.944759,1,0,
1,2,1,21.944759,0,0,
1,3,1,22.178223,1,0,
1,2,1,22.178223,0,0,
1,0,1,22.411686,1,0,
1,1,1,22.411686,0,0,
1,6,1,22.528419,0,0,
1,1,1,22.645149,1,0,
1,2,1,22.645149,0,0,
1,3,1,22.761883,0,0,
1,0,1,22.878613,1,0,
1,4,1,22.878613,0,0,
1,3,1,22.995346,0,0,
1,3,1,23.112076,1,0,
1,1,1,23.112076,0,0,
1,4,1,23.228809,0,0,
1,3,1,23.345539,1,0,
1,2,1,23.345539,0,0,
1,1,1,23.462273,0,0,
1,3,1,23.579002,1,0,
1,2,1,23.579002,0,0,
1,3,1,23.695736,0,0,
1,1,1,23.812466,1,0,
1,0,1,23.812466,0,0,
1,5,1,24.045929,1,0,
1,3,1,24.045929,0,0,
1,0,1,24.279392,1,0,
1,5,1,24.279392,0,0,
1,0,1,24.512856,1,0,
1,1,1,24.512856,0,0,
1,4,1,24.746319,1,0,
1,3,1,24.746319,0,0,
1,6,1,24.979782,1,0,
1,3,1,24.979782,0,0,
1,5,1,25.096516,0,0,
1,5,1,25.213245,1,0,
1,6,1,25.213245,0,0,
1,2,1,25.329979,0,0,
1,5,1,25.446709,1,0,
1,0,1,25.446709,0,0,
1,0,1,25.563442,0,0,
1,0,1,25.680172,1,0,
1,5,1,25.680172,0,0,
1,1,1,25.913635,1,0,
1,3,1,25.913635,0,0,
1,1,1,26.147099,1,0,
1,4,1,26.147099,0,0,
1,2,1,26.380562,1,0,
1,3,1,26.380562,0,0,
1,4,1,26.614025,1,0,
1,0,1,26.614025,0,0,
1,0,1,26.730759,0,0,
1,6,1,26.847488,1,0,
1,1,1,26.847488,0,0,
1,6,1,27.080952,1,0,
1,0,1,27.080952,0,0,
1,1,1,27.314415,1,0,
1,5,1,27.314415,0,0,
1,5,1,27.431149,0,0,
1,2,1,27.547878,1,0,
1,4,1,27.547878,0,0,
1,5,1,27.781342,1,0,
1,1,1,27.781342,0,0,
1,1,1,27.898075,0,0,
1,4,1,28.014805,1,0,
1,0,1,28.014805,0,0,
1,0,1,28.248268,1,0,
1,1,1,28.248268,0,0,
1,5,1,28.481731,1,0,
1,6,1,28.481731,0,0,
1,5,1,28.598465,0,0,
1,2,1,28.715195,1,0,
1,5,1,28.715195,0,0,
1,1,1,28.831928,0,0,
1,4,1,28.948658,0,0,
1,2,1,29.065392,0,0,
1,2,1,29.182121,1,0,
1,4,1,29.182121,0,0,
1,3,1,29.298855,0,0,
1,4,1,29.415585,1,0,
1,5,1,29.415585,0,0,
1,6,1,29.649048,1,0,
1,5,1,29.649048,0,0,
1,5,1,29.882511,1,0,
1,0,1,29.882511,0,0,
1,2,1,29.999245,0,0,
1,4,1,30.115974,1,0,
1,0,1,30.115974,0,0,
1,3,1,30.232708,0,0,
1,4,1,30.349438,1,0,
1,5,1,30.349438,0,0,
1,5,1,30.466171,0,0,
1,4,1,30.582901,1,0,
1,0,1,30.582901,0,0,
1,2,1,30.699635,0,0,
1,1,1,30.816364,1,0,
1,4,1,30.816364,0,0,
1,2,1,30.933098,0,0,
1,0,1,31.049828,1,0,
1,4,1,31.049828,0,0,
1,0,1,31.166561,0,0,
1,3,1,31.283291,1,0,
1,6,1,31.283291,0,0,
1,5,1,31.516756,0,0,
1,5,1,31.750217,1,0,
1,4,1,31.750217,0,0,
1,1,1,31.983683,0,0,
1,3,1,32.217144,1,0,
1,5,1,32.217144,0,0,
1,4,1,32.450603,0,0,
1,3,1,32.567333,0,0,
1,4,1,32.684067,1,0,
1,2,1,32.684067,0,0,
1,6,1,32.917526,1,0,
1,4,1,32.917526,0,0,
1,1,1,33.150990,1,0,
1,4,1,33.150990,0,0,
1,4,1,33.267712,0,0,
1,1,1,33.384441,0,0,
1,6,1,33.501171,0,0,
1,3,1,33.617912,1,0,
1,4,1,33.617912,0,0,
1,6,1,33.851360,0,0,
1,0,1,34.084835,1,0,
1,2,1,34.084835,0,0,
1,3,1,34.318279,0,0,
1,2,1,34.435009,0,0,
1,0,1,34.551758,1,0,
1,1,1,34.551758,0,0,
1,4,1,34.785198,0,0,
1,1,1,35.018681,1,0,
1,6,1,35.018681,0,0,
1,5,1,35.485607,1,0,
1,4,1,35.485607,0,0,
1,4,1,35.952534,1,0,
1,5,1,35.952534,0,0,
1,5,1,36.185974,0,0,
1,5,1,36.419460,1,0,
1,1,1,36.419460,0,0,
1,2,1,36.652901,0,0,
1,2,1,36.886387,1,0,
1,3,1,36.886387,0,0,
1,6,1,37.003094,0,0,
1,2,1,37.119850,1,0,
1,1,1,37.119850,0,0,
1,1,1,37.236553,0,0,
1,2,1,37.353336,0,0,
1,0,1,37.470013,0,0,
1,2,1,37.586769,1,0,
1,1,1,37.586769,0,0,
1,1,1,37.703472,0,0,
1,4,1,37.820232,1,0,
1,6,1,37.820232,0,0,
1,2,1,37.878567,0,0,
1,1,1,37.936932,0,0,
1,0,1,37.995296,0,0,
1,3,1,38.053696,1,0,
1,2,1,38.053696,0,0,
1,1,1,38.112026,0,0,
1,2,1,38.170391,0,0,
1,0,1,38.228756,0,0,
1,2,1,38.287155,1,0,
1,6,1,38.287155,0,0,
1,3,1,38.403851,0,0,
1,0,1,38.520615,1,0,
1,1,1,38.520615,0,0,
1,2,1,38.637310,0,0,
1,2,1,38.754078,1,0,
1,0,1,38.754078,0,0,
1,2,1,38.987541,1,0,
1,3,1,38.987541,0,0,
1,1,1,39.104229,0,0,
1,5,1,39.221001,1,0,
1,4,1,39.221001,0,0,
1,0,1,39.454460,1,0,
1,2,1,39.454460,0,0,
1,1,1,39.687923,1,0,
1,6,1,39.687923,0,0,
1,5,1,39.921387,1,0,
1,0,1,39.921387,0,0,
1,4,1,40.038067,0,0,
1,2,1,40.154846,1,0,
1,3,1,40.154846,0,0,
1,4,1,40.388306,1,0,
1,5,1,40.388306,0,0,
1,0,1,40.621769,1,0,
1,3,1,40.621769,0,0,
1,1,1,40.738445,0,0,
1,2,1,40.855232,1,0,
1,1,1,40.855232,0,0,
1,5,1,40.971905,0,0,
1,3,1,41.088692,1,0,
1,0,1,41.088692,0,0,
1,0,1,41.322151,1,0,
1,4,1,41.322151,0,0,
1,0,1,41.555614,1,0,
1,5,1,41.555614,0,0,
1,2,1,41.789078,1,0,
1,3,1,41.789078,0,0,
1,2,1,41.905743,0,0,
1,0,1,42.022537,1,0,
1,1,1,42.022537,0,0,
1,3,1,42.255997,1,0,
1,6,1,42.255997,0,0,
1,1,1,42.489460,1,0,
1,3,1,42.489460,0,0,
1,4,1,42.722923,1,0,
1,1,1,42.722923,0,0,
1,3,1,42.839581,0,0,
1,2,1,42.956383,1,0,
1,6,1,42.956383,0,0,
1,2,1,43.189842,1,0,
1,0,1,43.189842,0,0,
1,3,1,43.306499,0,0,
1,1,1,43.423306,1,0,
1,5,1,43.423306,0,0,
1,3,1,43.656769,1,0,
1,6,1,43.656769,0,0,
1,1,1,43.773418,0,0,
1,2,1,43.890228,1,0,
1,5,1,43.890228,0,0,
1,6,1,44.006878,0,0,
1,2,1,44.123688,1,0,
1,4,1,44.123688,0,0,
1,0,1,44.357151,1,0,
1,6,1,44.357151,0,0,
1,1,1,44.473797,0,0,
1,0,1,44.590614,1,0,
1,6,1,44.590614,0,0,
1,4,1,44.707256,0,0,
1,1,1,44.824162,0,0,
1,1,1,44.940716,0,0,
1,1,1,45.057533,1,0,
1,5,1,45.057533,0,0,
1,4,1,45.174175,0,0,
1,5,1,45.290997,1,0,
1,6,1,45.290997,0,0,
1,4,1,45.349270,0,0,
1,0,1,45.407635,0,0,
1,0,1,45.466000,0,0,
1,4,1,45.524460,1,0,
1,2,1,45.524460,0,0,
1,1,1,45.582729,0,0,
1,6,1,45.641094,0,0,
1,1,1,45.699459,0,0,
1,0,1,45.757919,1,0,
1,4,1,45.757919,0,0,
1,5,1,45.874554,0,0,
1,2,1,45.991379,1,0,
1,3,1,45.991379,0,0,
1,0,1,46.108013,0,0,
1,5,1,46.224842,1,0,
1,4,1,46.224842,0,0,
1,1,1,46.458206,0,0,
1,2,1,46.691669,0,0,
1,0,1,46.925133,0,0,
1,0,1,47.158695,1,0,
1,6,1,47.158695,0,0,
1,1,1,47.392258,0,0,
1,2,1,47.625721,0,0,
1,0,1,47.742245,0,0,
1,0,1,47.859077,1,0,
1,2,1,47.859077,0,0,
1,3,1,47.975704,0,0,
1,1,1,48.092541,1,0,
1,2,1,48.092541,0,0,
1,0,1,48.326004,1,0,
1,1,1,48.326004,0,0,
1,5,1,48.442623,0,0,
1,5,1,48.559574,0,0,
1,4,1,48.792923,1,0,
1,3,1,48.792923,0,0,
1,5,1,49.026386,1,0,
1,1,1,49.026386,0,0,
1,3,1,49.143002,0,0,
1,2,1,49.259850,1,0,
1,0,1,49.259850,0,0,
1,0,1,49.376461,0,0,
1,0,1,49.493309,1,0,
1,4,1,49.493309,0,0,
1,2,1,49.609921,0,0,
1,2,1,49.726768,1,0,
1,1,1,49.726768,0,0,
1,0,1,49.843380,0,0,
1,1,1,49.960232,1,0,
1,2,1,49.960232,0,0,
1,5,1,50.193695,1,0,
1,6,1,50.193695,0,0,
1,5,1,50.427158,1,0,
1,6,1,50.427158,0,0,
1,3,1,50.660622,1,0,
1,0,1,50.660622,0,0,
1,6,1,50.894085,1,0,
1,5,1,50.894085,0,0,
1,1,1,51.127670,0,0,
1,1,1,51.361134,0,0,
1,0,1,51.477612,0,0,
1,6,1,51.594467,1,0,
1,0,1,51.594467,0,0,
1,5,1,51.711071,0,0,
1,1,1,51.827930,1,0,
1,0,1,51.827930,0,0,
1,2,1,52.061394,1,0,
1,5,1,52.061394,0,0,
1,2,1,52.177990,0,0,
1,1,1,52.294987,0,0,
1,2,1,52.528313,1,0,
1,6,1,52.528313,0,0,
1,0,1,52.644909,0,0,
1,2,1,52.761776,1,0,
1,5,1,52.761776,0,0,
1,5,1,52.878368,0,0,
1,2,1,52.995239,1,0,
1,6,1,52.995239,0,0,
1,0,1,53.111828,0,0,
1,5,1,53.228699,1,0,
1,1,1,53.228699,0,0,
1,6,1,53.345287,0,0,
1,0,1,53.462303,0,0,
1,3,1,53.578747,0,0,
1,5,1,53.695766,0,0,
1,3,1,53.812206,0,0,
1,1,1,53.929085,1,0,
1,5,1,53.929085,0,0,
1,2,1,54.045666,0,0,
1,6,1,54.162544,1,0,
1,5,1,54.162544,0,0,
1,5,1,54.279125,0,0,
1,2,1,54.396004,1,0,
1,5,1,54.396004,0,0,
1,6,1,54.512585,0,0,
1,2,1,54.629467,1,0,
1,6,1,54.629467,0,0,
1,4,1,54.746044,0,0,
1,0,1,54.862930,1,0,
1,1,1,54.862930,0,0,
1,1,1,54.979504,0,0,
1,1,1,55.096390,1,0,
1,3,1,55.096390,0,0,
1,3,1,55.212963,0,0,
1,5,1,55.329849,1,0,
1,6,1,55.329849,0,0,
1,4,1,55.446423,0,0,
1,6,1,55.563313,1,0,
1,1,1,55.563313,0,0,
1,1,1,55.679882,0,0,
1,3,1,55.796776,1,0,
1,6,1,55.796776,0,0,
1,1,1,55.913342,0,0,
1,2,1,56.030235,1,0,
1,4,1,56.030235,0,0,
1,1,1,56.146801,0,0,
1,2,1,56.263695,1,0,
1,6,1,56.263695,0,0,
1,2,1,56.380260,0,0,
1,0,1,56.497158,1,0,
1,2,1,56.497158,0,0,
1,0,1,56.613720,0,0,
1,1,1,56.730621,1,0,
1,2,1,56.730621,0,0,
1,3,1,56.847179,0,0,
1,2,1,56.964081,1,0,
1,3,1,56.964081,0,0,
1,0,1,57.080639,0,0,
1,6,1,57.197540,1,0,
1,5,1,57.197540,0,0,
1,0,1,57.314098,0,0,
1,2,1,57.431004,1,0,
1,4,1,57.431004,0,0,
1,5,1,57.547558,0,0,
1,0,1,57.664467,1,0,
1,3,1,57.664467,0,0,
1,5,1,57.781017,0,0,
1,3,1,57.897926,1,0,
1,1,1,57.897926,0,0,
1,1,1,58.014477,0,0,
1,6,1,58.131386,1,0,
1,0,1,58.131386,0,0,
1,4,1,58.247936,0,0,
1,6,1,58.364849,1,0,
1,2,1,58.364849,0,0,
1,2,1,58.481396,0,0,
1,3,1,58.598312,1,0,
1,4,1,58.598312,0,0,
1,3,1,58.714855,0,0,
1,2,1,58.831772,1,0,
1,3,1,58.831772,0,0,
1,6,1,58.948315,0,0,
1,1,1,59.065231,1,0,
1,6,1,59.065231,0,0,
1,2,1,59.181774,0,0,
1,6,1,59.298695,1,0,
1,0,1,59.298695,0,0,
1,2,1,59.415234,0,0,
1,1,1,59.532158,1,0,
1,6,1,59.532158,0,0,
1,4,1,59.648693,0,0,
1,1,1,59.765617,1,0,
1,0,1,59.765617,0,0,
1,6,1,59.882153,0,0,
1,4,1,59.999077,1,0,
1,0,1,59.999077,0,0,
1,5,1,60.115612,0,0,
1,2,1,60.232540,1,0,
1,5,1,60.232540,0,0,
1,2,1,60.349072,0,0,
1,1,1,60.466003,1,0,
1,4,1,60.466003,0,0,
1,4,1,60.582531,0,0,
1,6,1,60.699463,1,0,
1,2,1,60.699463,0,0,
1,1,1,60.815990,0,0,
1,0,1,60.932922,1,0,
1,2,1,60.932922,0,0,
1,0,1,61.049450,0,0,
1,5,1,61.166386,1,0,
1,4,1,61.166386,0,0,
1,0,1,61.282909,0,0,
1,3,1,61.399849,1,0,
1,6,1,61.399849,0,0,
1,4,1,61.516369,0,0,
1,5,1,61.633308,1,0,
1,6,1,61.633308,0,0,
1,3,1,61.749828,0,0,
1,6,1,61.866768,1,0,
1,0,1,61.866768,0,0,
1,1,1,61.983288,0,0,
1,4,1,62.100231,1,0,
1,5,1,62.100231,0,0,
1,6,1,62.333694,1,0,
1,4,1,62.333694,0,0,
1,3,1,62.450207,0,0,
1,6,1,62.567154,1,0,
1,2,1,62.567154,0,0,
1,0,1,62.800613,1,0,
1,6,1,62.800613,0,0,
1,2,1,63.034077,1,0,
1,3,1,63.034077,0,0,
1,6,1,63.267540,1,0,
1,3,1,63.267540,0,0,
1,4,1,63.384045,0,0,
1,3,1,63.500999,1,0,
1,2,1,63.500999,0,0,
1,2,1,63.734459,1,0,
1,3,1,63.734459,0,0,
1,4,1,63.967922,1,0,
1,0,1,63.967922,0,0,
1,6,1,64.201385,1,0,
1,3,1,64.201385,0,0,
1,2,1,64.317886,0,0,
1,4,1,64.434845,1,0,
1,6,1,64.434845,0,0,
1,0,1,64.668304,1,0,
1,5,1,64.668304,0,0,
1,2,1,64.901764,1,0,
1,6,1,64.901764,0,0,
1,1,1,65.135223,1,0,
1,3,1,65.135223,0,0,
1,1,1,65.251724,0,0,
1,3,1,65.368683,1,0,
1,1,1,65.368683,0,0,
1,1,1,65.602142,1,0,
1,6,1,65.602142,0,0,
1,3,1,65.835602,1,0,
1,2,1,65.835602,0,0,
1,0,1,65.952103,0,0,
1,0,1,66.069061,1,0,
1,2,1,66.069061,0,0,
1,4,1,66.185562,0,0,
1,6,1,66.302521,1,0,
1,5,1,66.302521,0,0,
1,3,1,66.535980,1,0,
1,4,1,66.535980,0,0,
1,2,1,66.769669,0,0,
1,3,1,66.885941,0,0,
1,4,1,67.002899,1,0,
1,3,1,67.002899,0,0,
1,1,1,67.119400,0,0,
1,3,1,67.236359,1,0,
1,2,1,67.236359,0,0,
1,4,1,67.352859,0,0,
1,6,1,67.469818,1,0,
1,4,1,67.469818,0,0,
1,1,1,67.586319,0,0,
1,5,1,67.703278,1,0,
1,4,1,67.703278,0,0,
1,0,1,67.936737,1,0,
1,6,1,67.936737,0,0,
1,4,1,68.170197,1,0,
1,6,1,68.170197,0,0,
1,5,1,68.403656,1,0,
1,6,1,68.403656,0,0,
1,6,1,68.520157,0,0,
1,0,1,68.637115,1,0,
1,5,1,68.637115,0,0,
1,2,1,68.870575,1,0,
1,0,1,68.870575,0,0,
1,4,1,69.104034,1,0,
1,1,1,69.104034,0,0,
1,2,1,69.220535,0,0,
1,3,1,69.337494,1,0,
1,4,1,69.337494,0,0,
1,2,1,69.570953,1,0,
1,1,1,69.570953,0,0,
1,6,1,69.804413,1,0,
1,1,1,69.804413,0,0,
1,5,1,69.920914,0,0,
1,5,1,70.037872,1,0,
1,4,1,70.037872,0,0,
1,0,1,70.154373,0,0,
1,5,1,70.271332,1,0,
1,3,1,70.271332,0,0,
1,0,1,70.387833,0,0,
1,4,1,70.504791,1,0,
1,1,1,70.504791,0,0,
1,4,1,70.738251,1,0,
1,3,1,70.738251,0,0,
1,2,1,70.971710,1,0,
1,1,1,70.971710,0,0,
1,0,1,71.205170,1,0,
1,1,1,71.205170,0,0,
1,3,1,71.321671,0,0,
1,0,1,71.438629,1,0,
1,2,1,71.438629,0,0,
1,5,1,71.672089,1,0,
1,3,1,71.672089,0,0,
1,3,1,71.788589,0,0,
1,6,1,71.905548,1,0,
1,1,1,71.905548,0,0,
1,1,1,72.022049,0,0,
1,3,1,72.139008,1,0,
1,2,1,72.139008,0,0,
1,5,1,72.255508,0,0,
1,5,1,72.372467,1,0,
1,4,1,72.372467,0,0,
1,6,1,72.605927,1,0,
1,2,1,72.605927,0,0,
1,6,1,72.722427,0,0,
1,0,1,72.839615,0,0,
1,6,1,73.072845,1,0,
1,1,1,73.072845,0,0,
1,6,1,73.189346,0,0,
1,3,1,73.306305,1,0,
1,0,1,73.306305,0,0,
1,6,1,73.539764,1,0,
1,2,1,73.539764,0,0,
1,0,1,73.656265,0,0,
1,4,1,73.773224,1,0,
1,2,1,73.773224,0,0,
1,3,1,74.006683,1,0,
1,2,1,74.006683,0,0,
1,1,1,74.240143,1,0,
1,6,1,74.240143,0,0,
1,4,1,74.473602,1,0,
1,3,1,74.473602,0,0,
1,6,1,74.707062,1,0,
1,2,1,74.707062,0,0,
1,1,1,74.940521,1,0,
1,0,1,74.940521,0,0,
1,6,1,75.057251,1,0,
1,1,1,75.057251,0,0,
1,0,1,75.173981,1,0,
1,4,1,75.173981,0,0,
1,3,1,75.407440,1,0,
1,0,1,75.407440,0,0,
1,1,1,75.523941,0,0,
1,5,1,75.640900,1,0,
1,6,1,75.640900,0,0,
1,5,1,75.757858,0,0,
1,0,1,75.874588,0,0,
1,4,1,76.107819,1,0,
1,3,1,76.107819,0,0,
1,0,1,76.341278,1,0,
1,6,1,76.341278,0,0,
1,4,1,76.574738,1,0,
1,6,1,76.574738,0,0,
1,5,1,76.808426,0,0,
1,2,1,77.041656,1,0,
1,6,1,77.041656,0,0,
1,0,1,77.274887,0,0,
1,5,1,77.508575,1,0,
1,3,1,77.508575,0,0,
1,5,1,77.625076,0,0,
1,1,1,77.741806,0,0,
1,5,1,77.975502,1,0,
1,0,1,77.975502,0,0,
1,4,1,78.208961,1,0,
1,3,1,78.208961,0,0,
1,3,1,78.442421,1,0,
1,1,1,78.442421,0,0,
1,2,1,78.675880,1,0,
1,6,1,78.675880,0,0,
1,4,1,78.792374,0,0,
1,6,1,78.909340,1,0,
1,3,1,78.909340,0,0,
1,5,1,79.142799,1,0,
1,6,1,79.142799,0,0,
1,6,1,79.259766,0,0,
1,3,1,79.376259,1,0,
1,0,1,79.376259,0,0,
1,0,1,79.493225,0,0,
1,5,1,79.609718,1,0,
1,0,1,79.609718,0,0,
1,4,1,79.726685,0,0,
1,2,1,79.843178,1,0,
1,1,1,79.843178,0,0,
1,3,1,79.959671,0,0,
1,4,1,80.076637,1,0,
1,6,1,80.076637,0,0,
1,2,1,80.193130,0,0,
1,4,1,80.310097,1,0,
1,6,1,80.310097,0,0,
1,3,1,80.543320,0,0,
1,1,1,80.777016,1,0,
1,6,1,80.777016,0,0,
1,3,1,81.010475,1,0,
1,0,1,81.010475,0,0,
1,6,1,81.127441,0,0,
1,2,1,81.243935,1,0,
1,3,1,81.243935,0,0,
1,0,1,81.360664,1,0,
1,6,1,81.360664,0,0,
1,3,1,81.477394,1,0,
1,4,1,81.477394,0,0,
1,0,1,81.594124,1,0,
1,3,1,81.594124,0,0,
1,2,1,81.710854,1,0,
1,6,1,81.710854,0,0,
1,1,1,81.827583,1,0,
1,5,1,81.827583,0,0,
1,0,1,81.944313,1,0,
1,6,1,81.944313,0,0,
1,4,1,82.061043,1,0,
1,0,1,82.061043,0,0,
1,2,1,82.177773,1,0,
1,5,1,82.177773,0,0,
1,3,1,82.411232,1,0,
1,4,1,82.411232,0,0,
1,5,1,82.644691,1,0,
1,6,1,82.644691,0,0,
1,4,1,82.878151,1,0,
1,6,1,82.878151,0,0,
1,3,1,83.111610,1,0,
1,2,1,83.111610,0,0,
1,1,1,83.228340,1,0,
1,3,1,83.228340,0,0,
1,2,1,83.345070,1,0,
1,5,1,83.345070,0,0,
1,3,1,83.461800,1,0,
1,5,1,83.461800,0,0,
1,2,1,83.578529,1,0,
1,4,1,83.578529,0,0,
1,0,1,83.695259,1,0,
1,5,1,83.695259,0,0,
1,0,1,83.811989,1,0,
1,4,1,83.811989,0,0,
1,3,1,83.928719,1,0,
1,4,1,83.928719,0,0,
1,6,1,84.045448,1,0,
1,2,1,84.045448,0,0,
1,2,1,84.278908,1,0,
1,0,1,84.278908,0,0,
1,6,1,84.512367,1,0,
1,3,1,84.512367,0,0,
1,2,1,84.745827,1,0,
1,4,1,84.745827,0,0,
1,5,1,84.979286,1,0,
1,0,1,84.979286,0,0,
1,0,1,85.095779,0,0,
1,1,1,85.212746,1,0,
1,0,1,85.212746,0,0,
1,4,1,85.329239,0,0,
1,5,1,85.446205,1,0,
1,4,1,85.446205,0,0,
1,1,1,85.679665,1,0,
1,3,1,85.679665,0,0,
1,4,1,85.796158,0,0,
1,1,1,85.913124,1,0,
1,5,1,85.913124,0,0,
1,0,1,86.029617,0,0,
1,4,1,86.146584,1,0,
1,2,1,86.146584,0,0,
1,5,1,86.263077,0,0,
1,1,1,86.380043,1,0,
1,2,1,86.380043,0,0,
1,6,1,86.613503,1,0,
1,2,1,86.613503,0,0,
1,3,1,86.846962,1,0,
1,6,1,86.846962,0,0,
1,5,1,86.963455,0,0,
1,2,1,87.080421,1,0,
1,5,1,87.080421,0,0,
1,5,1,87.196915,0,0,
1,6,1,87.313881,1,0,
1,1,1,87.313881,0,0,
1,2,1,87.547340,1,0,
1,0,1,87.547340,0,0,
1,3,1,87.624924,0,0,
1,1,1,87.702744,0,0,
1,0,1,87.780800,1,0,
1,2,1,87.780800,0,0,
1,3,1,88.014259,1,0,
1,5,1,88.014259,0,0,
1,4,1,88.091843,0,0,
1,2,1,88.169662,0,0,
1,0,1,88.247719,1,0,
1,1,1,88.247719,0,0,
1,0,1,88.467209,0,0,
1,5,1,88.481415,0,0,
1,2,1,88.522141,0,0,
1,4,1,88.577072,0,0,
1,2,1,88.632004,0,0,
1,4,1,88.686935,0,0,
1,5,1,88.714874,0,0,
1,1,1,88.741867,0,0,
1,3,1,88.796799,0,0,
1,4,1,88.851730,0,0,
1,3,1,88.906662,0,0,
1,5,1,88.948334,0,0,
1,3,1,88.961594,0,0,
1,6,1,89.016525,0,0,
1,6,1,89.071457,0,0,
1,2,1,89.126389,0,0,
1,5,1,89.181557,1,0,
1,4,1,89.181557,0,0,
1,3,1,89.236252,0,0,
1,4,1,89.291183,0,0,
1,6,1,89.346115,0,0,
1,6,1,89.401047,0,0,
1,3,1,89.415253,0,0,
1,0,1,89.455978,0,0,
1,4,1,89.510910,0,0,
1,3,1,89.565842,0,0,
1,5,1,89.620773,0,0,
1,5,1,89.648712,0,0,
1,1,1,89.675705,0,0,
1,3,1,89.730637,0,0,
1,6,1,89.785568,0,0,
1,3,1,89.840500,0,0,
1,3,1,89.882172,0,0,
1,0,1,89.895432,0,0,
1,6,1,89.950363,0,0,
1,6,1,90.005295,0,0,
1,5,1,90.060226,0,0,
1,4,1,90.115395,1,0,
1,1,1,90.115395,0,0,
1,0,1,90.170090,0,0,
1,3,1,90.225021,0,0,
1,6,1,90.279953,0,0,
1,0,1,90.334885,0,0,
1,0,1,90.349091,0,0,
1,6,1,90.389816,0,0,
1,1,1,90.444748,0,0,
1,1,1,90.499680,0,0,
1,2,1,90.554611,0,0,
1,6,1,90.582550,0,0,
1,1,1,90.609543,0,0,
1,6,1,90.664474,0,0,
1,0,1,90.719406,0,0,
1,5,1,90.774338,0,0,
1,0,1,90.816010,0,0,
1,4,1,90.829269,0,0,
1,5,1,90.884201,0,0,
1,2,1,90.939133,0,0,
1,0,1,90.994064,0,0,
1,3,1,91.049232,1,0,
1,4,1,91.049232,0,0,
1,0,1,91.103928,0,0,
1,4,1,91.158859,0,0,
1,4,1,91.213791,0,0,
1,1,1,91.268723,0,0,
1,3,1,91.282928,0,0,
1,2,1,91.323654,0,0,
1,6,1,91.378586,0,0,
1,4,1,91.399658,0,0,
1,0,1,91.433517,0,0,
1,0,1,91.488449,0,0,
1,2,1,91.516388,0,0,
1,3,1,91.543381,0,0,
1,1,1,91.598312,0,0,
1,1,1,91.633118,0,0,
1,6,1,91.653244,0,0,
1,0,1,91.708176,0,0,
1,2,1,91.749847,0,0,
1,4,1,91.763107,0,0,
1,3,1,91.818039,0,0,
1,3,1,91.872971,0,0,
1,4,1,91.927902,0,0,
1,5,1,91.983070,1,0,
1,2,1,91.983070,0,0,
1,0,1,92.100037,0,0,
1,1,1,92.216530,1,0,
1,3,1,92.216530,0,0,
1,5,1,92.449989,1,0,
1,6,1,92.449989,0,0,
1,1,1,92.566956,0,0,
1,5,1,92.683449,1,0,
1,4,1,92.683449,0,0,
1,5,1,92.799942,0,0,
1,5,1,92.916908,1,0,
1,2,1,92.916908,0,0,
1,4,1,93.150368,1,0,
1,6,1,93.150368,0,0,
1,4,1,93.266861,0,0,
1,5,1,93.383827,1,0,
1,4,1,93.383827,0,0,
1,2,1,93.617287,1,0,
1,1,1,93.617287,0,0,
1,1,1,93.733780,0,0,
1,6,1,93.850746,1,0,
1,4,1,93.850746,0,0,
1,6,1,93.967712,0,0,
1,5,1,94.084206,1,0,
1,6,1,94.084206,0,0,
1,1,1,94.200699,0,0,
1,3,1,94.317665,1,0,
1,0,1,94.317665,0,0,
1,1,1,94.434631,0,0,
1,4,1,94.551125,1,0,
1,1,1,94.551125,0,0,
1,2,1,94.784584,1,0,
1,3,1,94.784584,0,0,
1,2,1,95.018044,1,0,
1,4,1,95.018044,0,0,
1,2,1,95.134537,0,0,
1,4,1,95.251503,1,0,
1,2,1,95.251503,0,0,
1,4,1,95.484962,1,0,
1,6,1,95.484962,0,0,
1,4,1,95.718422,1,0,
1,2,1,95.718422,0,0,
1,6,1,95.834915,0,0,
1,2,1,95.951881,1,0,
1,3,1,95.951881,0,0,
1,4,1,96.068375,0,0,
1,4,1,96.185341,1,0,
1,5,1,96.185341,0,0,
1,1,1,96.301834,0,0,
1,1,1,96.418800,1,0,
1,2,1,96.418800,0,0,
1,3,1,96.535294,0,0,
1,6,1,96.652260,1,0,
1,0,1,96.652260,0,0,
1,4,1,96.885719,1,0,
1,5,1,96.885719,0,0,
1,4,1,97.002213,0,0,
1,2,1,97.119179,1,0,
1,0,1,97.119179,0,0,
1,2,1,97.352638,1,0,
1,6,1,97.352638,0,0,
1,5,1,97.469131,0,0,
1,3,1,97.586098,1,0,
1,5,1,97.586098,0,0,
1,1,1,98.053024,1,0,
1,4,1,98.053024,0,0,
1,1,1,98.519951,1,0,
1,5,1,98.519951,0,0,
1,4,1,98.986877,1,0,
1,2,1,98.986877,0,0,
1,6,1,99.453804,1,0,
1,4,1,99.453804,0,0,
1,5,1,99.687263,1,0,
1,1,1,99.687263,0,0,
1,0,1,99.920723,1,0,
1,2,1,99.920723,0,0,
1,5,1,99.998306,0,0,
1,5,1,100.037216,0,0,
1,4,1,100.076126,0,0,
1,3,1,100.154182,1,0,
1,1,1,100.154182,0,0,
1,6,1,100.231766,0,0,
1,0,1,100.309586,0,0,
1,1,1,100.387642,1,0,
1,4,1,100.387642,0,0,
1,5,1,100.465225,0,0,
1,0,1,100.543045,0,0,
1,0,1,100.621101,1,0,
1,4,1,100.621101,0,0,
1,5,1,100.698685,0,0,
1,3,1,100.776505,0,0,
1,2,1,100.854561,1,0,
1,1,1,100.854561,0,0,
1,5,1,100.932144,0,0,
1,3,1,101.009964,0,0,
1,2,1,101.088020,1,0,
1,1,1,101.088020,0,0,
1,4,1,101.146149,0,0,
1,3,1,101.204514,0,0,
1,2,1,101.262878,0,0,
1,5,1,101.321480,1,0,
1,6,1,101.321480,0,0,
1,0,1,101.399063,0,0,
1,5,1,101.437973,0,0,
1,0,1,101.476883,0,0,
1,6,1,101.554939,1,0,
1,4,1,101.554939,0,0,
1,6,1,101.632523,0,0,
1,1,1,101.710342,0,0,
1,0,1,101.788399,1,0,
1,1,1,101.788399,0,0,
1,3,1,101.865982,0,0,
1,2,1,102.021858,1,0,
1,4,1,102.021858,0,0,
1,2,1,102.099442,0,0,
1,3,1,102.255318,1,0,
1,0,1,102.255318,0,0,
1,5,1,102.371811,0,0,
1,0,1,102.488777,1,0,
1,5,1,102.488777,0,0,
1,6,1,102.605270,0,0,
1,1,1,102.722237,1,0,
1,4,1,102.722237,0,0,
1,3,1,102.838730,0,0,
1,4,1,102.955696,1,0,
1,5,1,102.955696,0,0,
1,1,1,103.189156,1,0,
1,2,1,103.189156,0,0,
1,0,1,103.305649,0,0,
1,1,1,103.422615,1,0,
1,6,1,103.422615,0,0,
1,3,1,103.656075,1,0,
1,6,1,103.656075,0,0,
1,5,1,103.772568,0,0,
1,0,1,103.889534,1,0,
1,4,1,103.889534,0,0,
1,3,1,104.006027,0,0,
1,3,1,104.122993,1,0,
1,5,1,104.122993,0,0,
1,4,1,104.239487,0,0,
1,3,1,104.356453,1,0,
1,6,1,104.356453,0,0,
1,3,1,104.472946,0,0,
1,5,1,104.589912,1,0,
1,6,1,104.589912,0,0,
1,6,1,104.706406,0,0,
1,0,1,104.823372,1,0,
1,1,1,104.823372,0,0,
1,4,1,104.939865,0,0,
1,4,1,105.056831,1,0,
1,6,1,105.056831,0,0,
1,3,1,105.173325,0,0,
1,5,1,105.290291,1,0,
1,1,1,105.290291,0,0,
1,4,1,105.406784,0,0,
1,1,1,105.523750,1,0,
1,6,1,105.523750,0,0,
1,0,1,105.640244,0,0,
1,4,1,105.757210,1,0,
1,1,1,105.757210,0,0,
1,4,1,105.873703,0,0,
1,6,1,105.990669,1,0,
1,3,1,105.990669,0,0,
1,0,1,106.068253,0,0,
1,0,1,106.146072,0,0,
1,0,1,106.224129,1,0,
1,4,1,106.224129,0,0,
1,6,1,106.301712,0,0,
1,1,1,106.379532,0,0,
1,6,1,106.457588,1,0,
1,5,1,106.457588,0,0,
1,4,1,106.535172,0,0,
1,5,1,106.691048,1,0,
1,0,1,106.691048,0,0,
1,1,1,106.768631,0,0,
1,1,1,106.924507,1,0,
1,4,1,106.924507,0,0,
1,1,1,107.157967,1,0,
1,5,1,107.157967,0,0,
1,5,1,107.391426,1,0,
1,3,1,107.391426,0,0,
1,0,1,107.507919,0,0,
1,3,1,107.624886,1,0,
1,1,1,107.624886,0,0,
1,2,1,107.741379,0,0,
1,5,1,107.858345,1,0,
1,2,1,107.858345,0,0,
1,1,1,107.974838,0,0,
1,1,1,108.091805,1,0,
1,0,1,108.091805,0,0,
1,6,1,108.208298,0,0,
1,6,1,108.325264,1,0,
1,3,1,108.325264,0,0,
1,3,1,108.441757,0,0,
1,5,1,108.558723,1,0,
1,6,1,108.558723,0,0,
1,3,1,108.675217,0,0,
1,3,1,108.792183,1,0,
1,5,1,108.792183,0,0,
1,0,1,108.908676,0,0,
1,2,1,109.025642,1,0,
1,4,1,109.025642,0,0,
1,4,1,109.142136,0,0,
1,3,1,109.259102,1,0,
1,4,1,109.259102,0,0,
1,5,1,109.375595,0,0,
1,2,1,109.492561,1,0,
1,4,1,109.492561,0,0,
1,2,1,109.609055,0,0,
1,5,1,109.726021,1,0,
1,4,1,109.726021,0,0,
1,0,1,109.803604,0,0,
1,6,1,109.881424,0,0,
1,5,1,109.959480,1,0,
1,2,1,109.959480,0,0,
1,3,1,110.037064,0,0,
1,0,1,110.114883,0,0,
1,2,1,110.192940,1,0,
1,4,1,110.192940,0,0,
1,4,1,110.270523,0,0,
1,4,1,110.348343,0,0,
1,3,1,110.426399,1,0,
1,4,1,110.426399,0,0,
1,3,1,110.503983,0,0,
1,2,1,110.581802,0,0,
1,1,1,110.659859,1,0,
1,5,1,110.659859,0,0,
1,2,1,110.776352,0,0,
1,1,1,110.893318,1,0,
1,6,1,110.893318,0,0,
1,1,1,111.126778,1,0,
1,5,1,111.126778,0,0,
1,3,1,111.243271,0,0,
1,5,1,111.360237,1,0,
1,6,1,111.360237,0,0,
1,5,1,111.593697,1,0,
1,4,1,111.593697,0,0,
1,4,1,111.710190,0,0,
1,3,1,111.827156,1,0,
1,5,1,111.827156,0,0,
1,5,1,112.060616,1,0,
1,0,1,112.060616,0,0,
1,6,1,112.177109,0,0,
1,5,1,112.294075,1,0,
1,3,1,112.294075,0,0,
1,6,1,112.527534,1,0,
1,0,1,112.527534,0,0,
1,1,1,112.761230,0,0,
1,5,1,112.994461,1,0,
1,1,1,112.994461,0,0,
1,3,1,113.228149,0,0,
1,6,1,113.461380,1,0,
1,4,1,113.461380,0,0,
1,0,1,113.694839,1,0,
1,4,1,113.694839,0,0,
1,5,1,113.811569,1,0,
1,3,1,113.811569,0,0,
1,1,1,114.161758,1,0,
1,4,1,114.161758,0,0,
1,6,1,114.395218,1,0,
1,2,1,114.395218,0,0,
1,6,1,114.628448,0,0,
1,4,1,114.862137,1,0,
1,6,1,114.862137,0,0,
1,6,1,115.095367,0,0,
1,1,1,115.329063,1,0,
1,4,1,115.329063,0,0,
1,2,1,115.562523,1,0,
1,1,1,115.562523,0,0,
1,2,1,115.679489,0,0,
1,1,1,115.795746,0,0,
1,6,1,116.029442,1,0,
1,5,1,116.029442,0,0,
1,0,1,116.262901,1,0,
1,1,1,116.262901,0,0,
1,0,1,116.496597,0,0,
1,3,1,116.729820,1,0,
1,4,1,116.729820,0,0,
1,5,1,116.846313,0,0,
1,0,1,116.963280,1,0,
1,5,1,116.963280,0,0,
1,2,1,117.079773,0,0,
1,1,1,117.196739,1,0,
1,3,1,117.196739,0,0,
1,2,1,117.430199,1,0,
1,1,1,117.430199,0,0,
1,6,1,117.546692,0,0,
1,6,1,117.663895,0,0,
1,4,1,117.897118,1,0,
1,5,1,117.897118,0,0,
1,1,1,118.130577,1,0,
1,2,1,118.130577,0,0,
1,4,1,118.247070,0,0,
1,6,1,118.364037,1,0,
1,3,1,118.364037,0,0,
1,6,1,118.480530,0,0,
1,1,1,118.597496,1,0,
1,3,1,118.597496,0,0,
1,6,1,118.713989,0,0,
1,1,1,118.830956,1,0,
1,6,1,118.830956,0,0,
1,0,1,118.947449,0,0,
1,1,1,119.064415,1,0,
1,0,1,119.064415,0,0,
1,2,1,119.297874,1,0,
1,6,1,119.297874,0,0,
1,3,1,119.531334,1,0,
1,5,1,119.531334,0,0,
1,1,1,119.764793,1,0,
1,3,1,119.764793,0,0,
1,2,1,119.998253,1,0,
1,5,1,119.998253,0,0,
1,5,1,120.231949,0,0,
1,4,1,120.465408,0,0,
1,0,1,120.581665,0,0,
1,4,1,120.698631,1,0,
1,6,1,120.698631,0,0,
1,1,1,120.815125,0,0,
1,1,1,120.932091,1,0,
1,0,1,120.932091,0,0,
1,0,1,121.165550,1,0,
1,3,1,121.165550,0,0,
1,3,1,121.282043,0,0,
1,0,1,121.399246,0,0,
1,4,1,121.632469,1,0,
1,2,1,121.632469,0,0,
1,2,1,121.748962,0,0,
1,2,1,121.865929,1,0,
1,0,1,121.865929,0,0,
1,3,1,121.982422,0,0,
1,4,1,122.099388,1,0,
1,6,1,122.099388,0,0,
1,5,1,122.215881,0,0,
1,3,1,122.332848,1,0,
1,4,1,122.332848,0,0,
1,1,1,122.449341,0,0,
1,2,1,122.566544,0,0,
1,4,1,122.682800,0,0,
1,0,1,122.800003,0,0,
1,5,1,122.916260,0,0,
1,0,1,123.033226,1,0,
1,4,1,123.033226,0,0,
1,0,1,123.149719,0,0,
1,6,1,123.266685,1,0,
1,2,1,123.266685,0,0,
1,6,1,123.383179,0,0,
1,0,1,123.500145,1,0,
1,1,1,123.500145,0,0,
1,3,1,123.616638,0,0,
1,6,1,123.733604,1,0,
1,3,1,123.733604,0,0,
1,3,1,123.850098,0,0,
1,4,1,123.967064,1,0,
1,0,1,123.967064,0,0,
1,1,1,124.083557,0,0,
1,6,1,124.200523,1,0,
1,2,1,124.200523,0,0,
1,4,1,124.317017,0,0,
1,3,1,124.433983,1,0,
1,5,1,124.433983,0,0,
1,2,1,124.550476,0,0,
1,2,1,124.667442,1,0,
1,0,1,124.667442,0,0,
1,1,1,124.783936,0,0,
1,6,1,124.900902,1,0,
1,1,1,124.900902,0,0,
1,6,1,125.017395,0,0,
1,3,1,125.134361,1,0,
1,6,1,125.134361,0,0,
1,6,1,125.250854,0,0,
1,5,1,125.367821,1,0,
1,0,1,125.367821,0,0,
1,5,1,125.484314,0,0,
1,2,1,125.601280,1,0,
1,6,1,125.601280,0,0,
1,0,1,125.717773,0,0,
1,6,1,125.834740,1,0,
1,0,1,125.834740,0,0,
1,0,1,125.951233,0,0,
1,4,1,126.068199,1,0,
1,1,1,126.068199,0,0,
1,6,1,126.184692,0,0,
1,5,1,126.301659,1,0,
1,6,1,126.301659,0,0,
1,0,1,126.418152,0,0,
1,0,1,126.535118,1,0,
1,3,1,126.535118,0,0,
1,5,1,126.651611,0,0,
1,2,1,126.768578,1,0,
1,3,1,126.768578,0,0,
1,4,1,126.885071,0,0,
1,6,1,127.002037,1,0,
1,5,1,127.002037,0,0,
1,4,1,127.118530,0,0,
1,0,1,127.235497,1,0,
1,2,1,127.235497,0,0,
1,0,1,127.351990,0,0,
1,0,1,127.468956,1,0,
1,5,1,127.468956,0,0,
1,2,1,127.585449,0,0,
1,2,1,127.702415,1,0,
1,0,1,127.702415,0,0,
1,3,1,127.818909,0,0,
1,3,1,127.935875,1,0,
1,1,1,127.935875,0,0,
1,1,1,128.052368,0,0,
1,6,1,128.169342,1,0,
1,2,1,128.169342,0,0,
1,3,1,128.285828,0,0,
1,1,1,128.402802,1,0,
1,6,1,128.402802,0,0,
1,5,1,128.519287,0,0,
1,3,1,128.636261,1,0,
1,2,1,128.636261,0,0,
1,5,1,128.752747,0,0,
1,3,1,128.869720,1,0,
1,1,1,128.869720,0,0,
1,3,1,128.986206,0,0,
1,5,1,129.103180,1,0,
1,4,1,129.103180,0,0,
1,1,1,129.219666,0,0,
1,2,1,129.336639,1,0,
1,4,1,129.336639,0,0,
1,4,1,129.453125,0,0,
1,5,1,129.570099,1,0,
1,2,1,129.570099,0,0,
1,3,1,129.686584,0,0,
1,6,1,129.803558,1,0,
1,3,1,129.803558,0,0,
1,1,1,129.920044,0,0,
1,1,1,130.037018,1,0,
1,4,1,130.037018,0,0,
1,3,1,130.153503,0,0,
1,2,1,130.270477,1,0,
1,1,1,130.270477,0,0,
1,6,1,130.386963,0,0,
1,2,1,130.503937,1,0,
1,3,1,130.503937,0,0,
1,5,1,130.620422,0,0,
1,6,1,130.737396,1,0,
1,2,1,130.737396,0,0,
1,5,1,130.853882,0,0,
1,4,1,130.970856,1,0,
1,2,1,130.970856,0,0,
1,2,1,131.087341,0,0,
1,4,1,131.204315,1,0,
1,5,1,131.204315,0,0,
1,5,1,131.437775,1,0,
1,6,1,131.437775,0,0,
1,6,1,131.554260,0,0,
1,3,1,131.671234,1,0,
1,1,1,131.671234,0,0,
1,1,1,131.904694,1,0,
1,5,1,131.904694,0,0,
1,6,1,132.138153,1,0,
1,5,1,132.138153,0,0,
1,4,1,132.371613,1,0,
1,6,1,132.371613,0,0,
1,1,1,132.488098,0,0,
1,3,1,132.605072,1,0,
1,1,1,132.605072,0,0,
1,5,1,132.838531,1,0,
1,3,1,132.838531,0,0,
1,6,1,133.071991,1,0,
1,4,1,133.071991,0,0,
1,5,1,133.305450,1,0,
1,0,1,133.305450,0,0,
1,0,1,133.421936,0,0,
1,1,1,133.538910,1,0,
1,3,1,133.538910,0,0,
1,1,1,133.772369,1,0,
1,6,1,133.772369,0,0,
1,3,1,134.005829,1,0,
1,0,1,134.005829,0,0,
1,3,1,134.239288,1,0,
1,4,1,134.239288,0,0,
1,2,1,134.355774,0,0,
1,2,1,134.472748,1,0,
1,0,1,134.472748,0,0,
1,5,1,134.706207,1,0,
1,2,1,134.706207,0,0,
1,1,1,134.939667,1,0,
1,0,1,134.939667,0,0,
1,0,1,135.056152,0,0,
1,1,1,135.173126,1,0,
1,6,1,135.173126,0,0,
1,6,1,135.289612,0,0,
1,2,1,135.406586,1,0,
1,4,1,135.406586,0,0,
1,6,1,135.640045,1,0,
1,1,1,135.640045,0,0,
1,2,1,135.873734,0,0,
1,0,1,135.989990,0,0,
1,1,1,136.106964,1,0,
1,2,1,136.106964,0,0,
1,0,1,136.223450,0,0,
1,5,1,136.340424,1,0,
1,2,1,136.340424,0,0,
1,1,1,136.456909,0,0,
1,4,1,136.573883,1,0,
1,3,1,136.573883,0,0,
1,5,1,136.690369,0,0,
1,5,1,136.807343,1,0,
1,6,1,136.807343,0,0,
1,0,1,137.040802,1,0,
1,6,1,137.040802,0,0,
1,5,1,137.274261,1,0,
1,6,1,137.274261,0,0,
1,6,1,137.507721,1,0,
1,3,1,137.507721,0,0,
1,2,1,137.624207,0,0,
1,6,1,137.741180,1,0,
1,3,1,137.741180,0,0,
1,6,1,137.974640,1,0,
1,0,1,137.974640,0,0,
1,4,1,138.208099,1,0,
1,0,1,138.208099,0,0,
1,1,1,138.324585,0,0,
1,1,1,138.441559,1,0,
1,2,1,138.441559,0,0,
1,4,1,138.675018,1,0,
1,2,1,138.675018,0,0,
1,4,1,138.908478,1,0,
1,1,1,138.908478,0,0,
1,1,1,139.024963,0,0,
1,4,1,139.141937,1,0,
1,3,1,139.141937,0,0,
1,0,1,139.258423,0,0,
1,5,1,139.375397,1,0,
1,1,1,139.375397,0,0,
1,4,1,139.491882,0,0,
1,1,1,139.608856,1,0,
1,3,1,139.608856,0,0,
1,3,1,139.842316,1,0,
1,0,1,139.842316,0,0,
1,4,1,140.075775,1,0,
1,3,1,140.075775,0,0,
1,4,1,140.309235,1,0,
1,5,1,140.309235,0,0,
1,3,1,140.425720,0,0,
1,0,1,140.542694,1,0,
1,4,1,140.542694,0,0,
1,4,1,140.776154,1,0,
1,2,1,140.776154,0,0,
1,0,1,140.892639,0,0,
1,3,1,141.009613,1,0,
1,6,1,141.009613,0,0,
1,1,1,141.126099,0,0,
1,0,1,141.243073,1,0,
1,1,1,141.243073,0,0,
1,5,1,141.359558,0,0,
1,3,1,141.476532,1,0,
1,5,1,141.476532,0,0,
1,3,1,141.709991,1,0,
1,5,1,141.709991,0,0,
1,6,1,141.826477,0,0,
1,0,1,141.943680,0,0,
1,2,1,142.176910,1,0,
1,0,1,142.176910,0,0,
1,6,1,142.293396,0,0,
1,6,1,142.410370,1,0,
1,0,1,142.410370,0,0,
1,2,1,142.643829,1,0,
1,1,1,142.643829,0,0,
1,2,1,142.760315,0,0,
1,6,1,142.877289,1,0,
1,1,1,142.877289,0,0,
1,3,1,143.110748,1,0,
1,5,1,143.110748,0,0,
1,5,1,143.344208,1,0,
1,0,1,143.344208,0,0,
1,5,1,143.577667,1,0,
1,4,1,143.577667,0,0,
1,2,1,143.811127,1,0,
1,3,1,143.811127,0,0,
1,3,1,144.044586,1,0,
1,6,1,144.044586,0,0,
1,4,1,144.161072,0,0,
1,4,1,144.278046,1,0,
1,5,1,144.278046,0,0,
1,6,1,144.511505,1,0,
1,3,1,144.511505,0,0,
1,0,1,144.627991,0,0,
1,0,1,144.744965,1,0,
1,2,1,144.744965,0,0,
1,0,1,144.861923,0,0,
1,2,1,144.978653,0,0,
1,5,1,145.211884,1,0,
1,4,1,145.211884,0,0,
1,2,1,145.445343,1,0,
1,5,1,145.445343,0,0,
1,6,1,145.678802,1,0,
1,2,1,145.678802,0,0,
1,2,1,145.912018,0,0,
1,3,1,146.028748,0,0,
1,4,1,146.145721,1,0,
1,1,1,146.145721,0,0,
1,0,1,146.262207,0,0,
1,3,1,146.379181,1,0,
1,2,1,146.379181,0,0,
1,2,1,146.495667,0,0,
1,0,1,146.612640,1,0,
1,5,1,146.612640,0,0,
1,2,1,146.729126,0,0,
1,0,1,146.846100,1,0,
1,2,1,146.846100,0,0,
1,4,1,146.962585,0,0,
1,2,1,147.079559,1,0,
1,3,1,147.079559,0,0,
1,4,1,147.196045,0,0,
1,3,1,147.313019,1,0,
1,0,1,147.313019,0,0,
1,0,1,147.429504,0,0,
1,2,1,147.546478,1,0,
1,5,1,147.546478,0,0,
1,6,1,147.662964,0,0,
1,6,1,147.779938,1,0,
1,0,1,147.779938,0,0,
1,1,1,147.896423,0,0,
1,5,1,148.013397,1,0,
1,0,1,148.013397,0,0,
1,1,1,148.129883,0,0,
1,1,1,148.246857,1,0,
1,5,1,148.246857,0,0,
1,4,1,148.363342,0,0,
1,3,1,148.480316,1,0,
1,2,1,148.480316,0,0,
1,0,1,148.596802,0,0,
1,1,1,148.713776,1,0,
1,6,1,148.713776,0,0,
1,1,1,148.830261,0,0,
1,1,1,148.947235,1,0,
1,0,1,148.947235,0,0,
1,4,1,149.063721,0,0,
1,6,1,149.180695,1,0,
1,4,1,149.180695,0,0,
1,4,1,149.297180,0,0,
1,6,1,149.414383,0,0,
1,5,1,149.530640,0,0,
1,2,1,149.647614,1,0,
1,4,1,149.647614,0,0,
1,0,1,149.764099,0,0,
1,6,1,149.881073,1,0,
1,3,1,149.881073,0,0,
1,2,1,149.997559,0,0,
1,1,1,150.114532,1,0,
1,2,1,150.114532,0,0,
1,1,1,150.231018,0,0,
1,4,1,150.347992,1,0,
1,2,1,150.347992,0,0,
1,2,1,150.464478,0,0,
1,3,1,150.581451,1,0,
1,1,1,150.581451,0,0,
1,5,1,150.697937,0,0,
1,3,1,150.814911,1,0,
1,1,1,150.814911,0,0,
1,6,1,150.931396,0,0,
1,3,1,151.048370,1,0,
1,4,1,151.048370,0,0,
1,1,1,151.164856,0,0,
1,6,1,151.282059,0,0,
1,1,1,151.398315,0,0,
1,5,1,151.515289,1,0,
1,2,1,151.515289,0,0,
1,6,1,151.631775,0,0,
1,1,1,151.748749,1,0,
1,0,1,151.748749,0,0,
1,0,1,151.865234,0,0,
1,4,1,151.982208,1,0,
1,6,1,151.982208,0,0,
1,5,1,152.098694,0,0,
1,3,1,152.215668,1,0,
1,5,1,152.215668,0,0,
1,1,1,152.332153,0,0,
1,1,1,152.449127,1,0,
1,2,1,152.449127,0,0,
1,4,1,152.565613,0,0,
1,2,1,152.682587,1,0,
1,0,1,152.682587,0,0,
1,6,1,152.799072,0,0,
1,6,1,152.916046,1,0,
1,3,1,152.916046,0,0,
1,2,1,153.032532,0,0,
1,1,1,153.149506,1,0,
1,4,1,153.149506,0,0,
1,0,1,153.265991,0,0,
1,0,1,153.382965,1,0,
1,6,1,153.382965,0,0,
1,1,1,153.499451,0,0,
1,2,1,153.616425,1,0,
1,3,1,153.616425,0,0,
1,0,1,153.732910,0,0,
1,2,1,153.849884,1,0,
1,0,1,153.849884,0,0,
1,6,1,153.966370,0,0,
1,2,1,154.083344,1,0,
1,6,1,154.083344,0,0,
1,1,1,154.199829,0,0,
1,1,1,154.316803,1,0,
1,5,1,154.316803,0,0,
1,5,1,154.433289,0,0,
1,3,1,154.550262,1,0,
1,5,1,154.550262,0,0,
1,2,1,154.666748,0,0,
1,6,1,154.783722,1,0,
1,1,1,154.783722,0,0,
1,1,1,154.900208,0,0,
1,2,1,155.017181,1,0,
1,1,1,155.017181,0,0,
1,6,1,155.133667,0,0,
1,1,1,155.250641,1,0,
1,4,1,155.250641,0,0,
1,6,1,155.367126,0,0,
1,2,1,155.484100,1,0,
1,6,1,155.484100,0,0,
1,2,1,155.600586,0,0,
1,2,1,155.717560,1,0,
1,3,1,155.717560,0,0,
1,3,1,155.834045,0,0,
1,1,1,155.951019,1,0,
1,2,1,155.951019,0,0,
1,4,1,156.067505,0,0,
1,0,1,156.184479,1,0,
1,2,1,156.184479,0,0,
1,6,1,156.300964,0,0,
1,2,1,156.417938,1,0,
1,4,1,156.417938,0,0,
1,4,1,156.534424,0,0,
1,4,1,156.651398,1,0,
1,6,1,156.651398,0,0,
1,4,1,156.767883,0,0,
1,4,1,156.885086,0,0,
1,1,1,157.001343,0,0,
1,1,1,157.118317,1,0,
1,2,1,157.118317,0,0,
1,5,1,157.234802,0,0,
1,2,1,157.351776,1,0,
1,6,1,157.351776,0,0,
1,3,1,157.468262,0,0,
1,6,1,157.585236,1,0,
1,3,1,157.585236,0,0,
1,4,1,157.701721,0,0,
1,2,1,157.818695,1,0,
1,6,1,157.818695,0,0,
1,5,1,157.935181,0,0,
1,4,1,158.052155,1,0,
1,1,1,158.052155,0,0,
1,6,1,158.168640,0,0,
1,6,1,158.285614,1,0,
1,2,1,158.285614,0,0,
1,0,1,158.402100,0,0,
1,3,1,158.519073,1,0,
1,5,1,158.519073,0,0,
1,0,1,158.635803,1,0,
1,5,1,158.635803,0,0,
1,0,1,158.869263,1,0,
1,2,1,158.869263,0,0,
1,2,1,158.985992,1,0,
1,4,1,158.985992,0,0,
1,1,1,159.102722,1,0,
1,6,1,159.102722,0,0,
1,3,1,159.219452,1,0,
1,6,1,159.219452,0,0,
1,3,1,159.336182,1,0,
1,0,1,159.336182,0,0,
1,5,1,159.569641,1,0,
1,0,1,159.569641,0,0,
1,5,1,159.686371,1,0,
1,4,1,159.686371,0,0,
1,0,1,159.919830,1,0,
1,4,1,159.919830,0,0,
1,3,1,160.036560,1,0,
1,5,1,160.036560,0,0,
1,4,1,160.270020,1,0,
1,2,1,160.270020,0,0,
1,6,1,160.386749,1,0,
1,4,1,160.386749,0,0,
1,6,1,161.087128,1,0,
1,5,1,161.087128,0,0,
1,2,1,162.487656,0,0,
1,3,1,163.071304,0,0,
1,6,1,163.188034,0,0,
1,4,1,163.421494,0,0,
1,4,1,163.654953,0,0,
1,2,1,163.888412,0,0,
1,3,1,164.121872,0,0,
1,5,1,164.355331,0,0,
1,3,1,164.588791,0,0,
1,3,1,164.822250,0,0,
1,2,1,165.055710,0,0,
1,6,1,165.289169,0,0,
1,1,1,165.522629,0,0,
1,5,1,165.756088,0,0,
1,3,1,165.989548,0,0,
1,6,1,166.223007,0,0,
1,3,1,166.456467,0,0,
-1,0,0,0,0,0,