0,0,0,0,0,0,
1,4,1,0.8649999,0,0,
1,2,1,1.365,0,0,
1,5,1,1.448333,0,0,
1,1,1,1.531667,0,0,
1,4,1,1.781667,0,0,
1,0,1,2.031667,0,0,
1,6,1,2.198334,0,0,
1,1,1,2.365,0,0,
1,4,1,2.448333,0,0,
1,1,1,2.531667,0,0,
1,5,1,2.698333,0,0,
1,2,1,2.781666,0,0,
1,5,1,2.865,0,0,
1,1,1,3.031666,0,0,
1,4,1,3.114999,0,0,
1,1,1,3.198333,0,0,
1,5,1,3.364999,0,0,
1,2,1,3.448332,0,0,
1,5,1,3.531666,0,0,
1,1,1,3.698332,0,0,
1,4,1,3.781665,0,0,
1,1,1,3.864999,0,0,
1,5,1,4.031665,0,0,
1,2,1,4.114998,0,0,
1,5,1,4.198332,0,0,
1,1,1,4.364998,0,0,
1,4,1,4.448332,0,0,
1,1,1,4.531666,0,0,
1,5,1,4.698333,0,0,
1,2,1,4.781666,0,0,
1,5,1,4.865,0,0,
1,1,1,5.031667,0,0,
1,4,1,5.115,0,0,
1,1,1,5.198334,0,0,
1,5,1,5.365001,0,0,
1,2,1,5.448334,0,0,
1,5,1,5.531668,0,0,
1,1,1,5.698335,0,0,
1,4,1,5.781668,0,0,
1,1,1,5.865002,0,0,
1,5,1,6.031669,0,0,
1,2,1,6.115002,0,0,
1,5,1,6.198336,0,0,
1,1,1,6.365003,0,0,
1,4,1,6.448336,0,0,
1,1,1,6.53167,0,0,
1,5,1,6.698338,0,0,
1,2,1,6.78167,0,0,
1,5,1,6.865005,0,0,
1,1,1,7.031671,0,0,
1,4,1,7.115005,0,0,
1,1,1,7.531672,0,0,
1,6,1,7.698339,0,0,
1,2,1,7.781672,0,0,
1,6,1,7.865006,0,0,
1,0,1,8.031673,0,0,
1,4,1,8.115005,0,0,
1,0,1,8.198339,0,0,
1,6,1,8.365005,0,0,
1,2,1,8.448338,0,0,
1,6,1,8.531671,0,0,
1,0,1,8.698336,0,0,
1,4,1,8.78167,0,0,
1,0,1,8.865003,0,0,
1,6,1,9.031669,0,0,
1,2,1,9.115002,0,0,
1,6,1,9.198335,0,0,
1,0,1,9.365001,0,0,
1,4,1,9.448334,0,0,
1,0,1,9.531667,0,0,
1,6,1,9.698333,0,0,
1,2,1,9.781666,0,0,
1,6,1,9.864999,0,0,
1,0,1,10.03167,0,0,
1,4,1,10.115,0,0,
1,0,1,10.19833,0,0,
1,6,1,10.365,0,0,
1,2,1,10.44833,0,0,
1,6,1,10.53166,0,0,
1,0,1,10.69833,0,0,
1,4,1,10.78166,0,0,
1,0,1,10.865,0,0,
1,6,1,11.03166,0,0,
1,2,1,11.11499,0,0,
1,6,1,11.19833,0,0,
1,0,1,11.36499,0,0,
1,4,1,11.44833,0,0,
1,0,1,11.53166,0,0,
1,6,1,11.69833,0,0,
1,2,1,11.78166,0,0,
1,6,1,11.86499,0,0,
1,0,1,12.03166,0,0,
1,4,1,12.11499,0,0,
1,0,1,12.19832,0,0,
1,6,1,12.36499,0,0,
1,2,1,12.44832,0,0,
1,2,1,12.86499,0,0,
1,1,1,13.03165,0,0,
1,4,1,13.11499,0,0,
1,0,1,13.19832,0,0,
1,6,1,13.36499,0,0,
1,2,1,13.44832,0,0,
1,5,1,13.53165,0,0,
1,1,1,13.69832,0,0,
1,5,1,13.78165,0,0,
1,2,1,13.86498,0,0,
1,4,1,14.03165,0,0,
1,1,1,14.11498,0,0,
1,5,1,14.19832,0,0,
1,1,1,14.36498,0,0,
1,4,1,14.44831,0,0,
1,0,1,14.53165,0,0,
1,5,1,14.69831,0,0,
1,3,1,14.78165,0,0,
1,6,1,14.86498,0,0,
1,2,1,15.03165,0,0,
1,5,1,15.11498,0,0,
1,0,1,15.19831,0,0,
1,5,1,15.36498,0,0,
1,2,1,15.44831,0,0,
1,6,1,15.53164,0,0,
1,0,1,15.69831,0,0,
1,3,1,15.78164,0,0,
1,1,1,15.86498,0,0,
1,6,1,16.03164,0,0,
1,3,1,16.11498,0,0,
1,6,1,16.19831,0,0,
1,0,1,16.36498,0,0,
1,5,1,16.44831,0,0,
1,2,1,16.53165,0,0,
1,4,1,16.69831,0,0,
1,0,1,16.78165,0,0,
1,5,1,16.86498,0,0,
1,2,1,17.03165,0,0,
1,6,1,17.11498,0,0,
1,4,1,17.19832,0,0,
1,5,1,17.36499,0,0,
1,1,1,17.44832,0,0,
1,3,1,17.53165,0,0,
1,2,1,17.69832,0,0,
1,5,1,17.78166,0,0,
1,2,1,18.19833,0,0,
1,1,1,18.36499,0,0,
1,5,1,18.44833,0,0,
1,3,1,18.53166,0,0,
1,5,1,18.69833,0,0,
1,1,1,18.78166,0,0,
1,3,1,18.865,0,0,
1,4,1,19.03166,0,0,
1,2,1,19.115,0,0,
1,4,1,19.53167,0,0,
1,1,1,19.69834,0,0,
1,5,1,19.78167,0,0,
1,3,1,19.865,0,0,
1,3,1,20.03167,0,0,
1,5,1,20.11501,0,0,
1,1,1,20.19834,0,0,
1,4,1,20.36501,0,0,
1,2,1,20.44834,0,0,
1,4,1,20.86501,0,0,
1,0,1,21.03168,0,0,
1,5,1,21.11501,0,0,
1,1,1,21.19835,0,0,
1,5,1,21.36502,0,0,
1,2,1,21.44835,0,0,
1,4,1,21.53168,0,0,
1,2,1,21.69835,0,0,
1,5,1,21.78169,0,0,
1,4,1,21.86502,0,0,
1,6,1,22.03169,0,0,
1,2,1,22.11502,0,0,
1,5,1,22.19836,0,0,
2,6,1,22.33169,1,1.0666,
2,0,1,22.33169,0,1.0666,
3,5,1,22.46503,0,0,
3,4,1,22.53169,0,0,
3,3,1,22.59836,0,0,
3,2,1,22.66503,0,0,
3,1,1,22.7317,0,0,
3,2,1,22.86503,0,0,
3,4,1,22.99837,0,0,
3,5,1,23.1317,0,0,
3,4,1,23.19837,0,0,
3,3,1,23.26504,0,0,
3,1,1,23.39837,0,0,
1,4,1,23.53171,0,0,
1,3,1,24.19837,0,0,
1,1,1,24.86504,0,0,
1,4,1,25.5317,0,0,
1,1,1,26.19837,0,0,
1,5,1,26.86504,0,0,
1,6,1,27.5317,0,0,
1,4,1,28.19837,0,0,
1,1,1,28.86504,0,0,
1,5,1,29.5317,0,0,
1,0,1,30.19837,0,0,
1,5,1,30.86503,0,0,
1,6,1,31.5317,0,0,
1,3,1,32.19837,0,0,
1,1,1,32.86504,0,0,
1,2,1,33.5317,0,0,
1,3,1,34.19837,0,0,
1,4,1,34.5317,0,0,
1,3,1,34.86504,0,0,
1,0,1,35.19837,0,0,
1,4,1,35.5317,0,0,
1,6,1,35.86503,0,0,
1,3,1,36.19836,0,0,
1,4,1,36.5317,0,0,
1,1,1,36.86503,0,0,
1,4,1,37.19836,0,0,
1,0,1,37.53169,0,0,
1,6,1,37.86502,0,0,
1,5,1,38.19836,0,0,
1,4,1,38.53169,0,0,
1,1,1,38.86502,0,0,
1,4,1,39.19835,0,0,
1,5,1,39.53168,0,0,
1,1,1,39.86502,0,0,
1,2,1,40.19835,0,0,
1,3,1,40.53168,0,0,
1,2,1,40.86501,0,0,
1,0,1,41.19834,0,0,
1,5,1,41.53168,0,0,
1,2,1,41.86501,0,0,
1,1,1,42.19834,0,0,
1,4,1,42.53167,0,0,
1,0,1,42.865,0,0,
1,3,1,43.19834,0,0,
1,0,1,43.53167,1,0,
1,6,1,43.53167,0,0,
1,1,1,43.865,1,0,
1,5,1,43.865,0,0,
1,4,1,44.19833,1,0,
1,2,1,44.19833,0,0,
1,5,1,44.53166,1,0,
1,1,1,44.53166,0,0,
1,0,1,44.865,0,0,
1,5,1,45.03166,0,0,
1,2,1,45.11499,0,0,
1,4,1,45.19833,0,0,
1,1,1,45.36499,0,0,
1,5,1,45.44832,0,0,
1,3,1,45.53165,0,0,
1,2,1,45.69832,0,0,
1,5,1,45.78165,0,0,
1,2,1,45.86498,0,0,
1,6,1,46.03165,0,0,
1,0,1,46.11498,0,0,
1,4,1,46.19831,0,0,
1,1,1,46.36497,0,0,
1,5,1,46.44831,0,0,
1,2,1,46.53164,0,0,
1,5,1,46.6983,0,0,
1,2,1,46.78163,0,0,
1,4,1,46.86497,0,0,
1,5,1,47.03163,0,0,
1,1,1,47.11496,0,0,
1,5,1,47.19829,0,0,
1,0,1,47.36496,0,0,
1,4,1,47.44829,0,0,
1,1,1,47.53162,0,0,
1,5,1,47.69829,0,0,
1,2,1,47.78162,0,0,
1,4,1,47.86495,0,0,
1,1,1,48.03162,0,0,
1,6,1,48.11495,0,0,
1,3,1,48.19828,0,0,
1,2,1,48.36494,0,0,
1,5,1,48.44828,0,0,
1,1,1,48.53161,0,0,
1,3,1,48.69827,0,0,
1,1,1,48.7816,0,0,
1,5,1,48.86494,0,0,
1,0,1,49.0316,0,0,
1,5,1,49.11493,0,0,
1,2,1,49.19826,0,0,
1,4,1,49.36493,0,0,
1,1,1,49.44826,0,0,
1,6,1,49.53159,0,0,
1,2,1,49.69826,0,0,
1,5,1,49.78159,0,0,
1,3,1,49.86492,0,0,
1,1,1,50.03158,0,0,
1,4,1,50.11492,0,0,
1,0,1,50.19825,0,0,
1,0,1,50.36492,0,0,
1,0,1,50.53158,0,0,
1,0,1,50.69825,0,0,
1,6,1,50.86492,0,0,
1,6,1,51.03159,0,0,
1,6,1,51.19826,0,0,
1,6,1,51.36493,0,0,
1,1,1,51.53159,0,0,
1,1,1,51.69826,0,0,
1,5,1,51.86493,0,0,
1,5,1,52.0316,0,0,
1,2,1,52.19826,0,0,
1,2,1,52.36493,0,0,
1,4,1,52.5316,0,0,
1,4,1,52.69827,0,0,
1,1,1,52.86494,1,0,
3,6,1,52.86494,0,0,
1,5,1,52.94827,1,0,
3,0,1,52.94827,0,0,
1,1,1,53.0316,1,0,
3,6,1,53.0316,0,0,
1,5,1,53.11493,1,0,
3,0,1,53.11493,0,0,
1,2,1,53.19826,0,0,
6,2,1,53.2816,0,0,
1,4,1,53.36493,0,0,
6,4,1,53.44826,0,0,
1,1,1,53.53159,1,0,
3,6,1,53.53159,0,0,
1,5,1,53.61493,1,0,
3,0,1,53.61493,0,0,
1,1,1,53.69826,1,0,
3,6,1,53.69826,0,0,
1,5,1,53.78159,1,0,
3,0,1,53.78159,0,0,
1,2,1,53.86492,0,0,
6,2,1,53.94825,0,0,
1,4,1,54.03158,0,0,
6,4,1,54.11491,0,0,
1,1,1,54.19825,0,0,
1,5,1,54.30936,0,0,
1,0,1,54.42047,0,0,
1,6,1,54.53158,0,0,
1,2,1,54.64269,0,0,
1,4,1,54.7538,0,0,
1,0,1,54.86491,0,0,
1,6,1,54.97602,0,0,
1,2,1,55.08713,0,0,
1,4,1,55.19825,0,0,
1,1,1,55.30936,0,0,
1,5,1,55.42047,0,0,
1,6,1,55.53158,1,0,
1,2,1,55.53158,0,0,
1,2,1,55.69824,0,0,
6,1,1,55.78157,0,0,
1,6,1,55.8649,1,0,
6,0,1,55.8649,0,0,
1,0,1,56.03157,0,0,
6,1,1,56.1149,0,0,
1,6,1,56.19823,1,0,
6,2,1,56.19823,0,0,
1,2,1,56.3649,0,0,
6,1,1,56.44823,0,0,
1,6,1,56.53157,1,0,
6,0,1,56.53157,0,0,
1,0,1,56.69823,0,0,
6,1,1,56.78156,0,0,
1,6,1,56.86489,1,0,
6,2,1,56.86489,0,0,
1,2,1,57.03155,0,0,
6,1,1,57.11488,0,0,
1,6,1,57.19821,1,0,
6,0,1,57.19821,0,0,
1,6,1,57.36488,1,0,
1,0,1,57.36488,0,0,
6,1,1,57.44821,0,0,
1,6,1,57.53155,1,0,
6,2,1,57.53155,0,0,
1,2,1,57.69821,0,0,
6,1,1,57.78154,0,0,
1,6,1,57.86488,1,0,
6,0,1,57.86488,0,0,
1,0,1,58.03154,0,0,
6,1,1,58.11487,0,0,
1,6,1,58.1982,1,0,
6,2,1,58.1982,0,0,
1,2,1,58.36487,0,0,
6,1,1,58.4482,0,0,
1,6,1,58.53153,1,0,
6,0,1,58.53153,0,0,
1,0,1,58.6982,0,0,
6,1,1,58.78153,0,0,
1,6,1,58.86486,1,0,
6,2,1,58.86486,0,0,
1,2,1,59.03152,0,0,
6,1,1,59.11485,0,0,
1,6,1,59.1982,1,0,
6,0,1,59.1982,0,0,
1,0,1,59.36485,0,0,
6,1,1,59.44818,0,0,
1,6,1,59.53152,1,0,
6,2,1,59.53152,0,0,
1,2,1,59.69818,0,0,
6,1,1,59.78151,0,0,
1,6,1,59.86484,1,0,
6,0,1,59.86484,0,0,
1,6,1,60.03151,1,0,
1,0,1,60.03151,0,0,
6,1,1,60.11484,0,0,
1,6,1,60.19817,1,0,
6,2,1,60.19817,0,0,
1,2,1,60.36484,0,0,
6,1,1,60.44816,0,0,
1,6,1,60.5315,1,0,
6,0,1,60.5315,0,0,
1,6,1,60.69816,0,0,
6,5,1,60.7815,0,0,
1,0,1,60.86483,1,0,
6,4,1,60.86483,0,0,
1,4,1,61.03149,0,0,
6,5,1,61.11482,0,0,
1,0,1,61.19815,1,0,
6,6,1,61.19815,0,0,
1,6,1,61.36482,0,0,
6,5,1,61.44815,0,0,
1,0,1,61.53149,1,0,
6,4,1,61.53149,0,0,
1,4,1,61.69815,0,0,
6,5,1,61.78148,0,0,
1,0,1,61.86482,1,0,
6,6,1,61.86482,0,0,
1,6,1,62.03148,0,0,
6,5,1,62.11481,0,0,
1,0,1,62.19814,1,0,
6,4,1,62.19814,0,0,
1,4,1,62.36481,0,0,
6,5,1,62.44813,0,0,
1,0,1,62.53147,1,0,
6,6,1,62.53147,0,0,
1,0,1,62.69813,1,0,
1,6,1,62.69813,0,0,
6,5,1,62.78147,0,0,
1,0,1,62.8648,1,0,
6,4,1,62.8648,0,0,
1,4,1,63.03146,0,0,
6,5,1,63.11479,0,0,
1,0,1,63.19813,1,0,
6,6,1,63.19813,0,0,
1,6,1,63.36479,0,0,
6,5,1,63.44812,0,0,
1,0,1,63.53146,1,0,
6,4,1,63.53146,0,0,
1,4,1,63.69812,0,0,
6,5,1,63.78145,0,0,
1,0,1,63.86478,1,0,
6,6,1,63.86478,0,0,
1,6,1,64.03145,0,0,
6,5,1,64.11478,0,0,
1,0,1,64.19812,1,0,
6,4,1,64.19812,0,0,
1,4,1,64.36479,0,0,
6,5,1,64.44813,0,0,
1,0,1,64.53146,1,0,
6,6,1,64.53146,0,0,
1,6,1,64.69813,0,0,
6,5,1,64.78147,0,0,
1,0,1,64.86481,1,0,
6,4,1,64.86481,0,0,
1,4,1,65.03148,0,0,
6,5,1,65.11481,0,0,
1,0,1,65.19815,1,0,
6,6,1,65.19815,0,0,
1,6,1,65.36482,0,0,
6,5,1,65.44816,0,0,
1,0,1,65.53149,1,0,
6,4,1,65.53149,0,0,
1,4,1,65.69816,0,0,
6,5,1,65.7815,0,0,
1,0,1,65.86484,1,0,
6,6,1,65.86484,0,0,
1,0,1,66.03151,0,0,
6,1,1,66.11484,0,0,
1,6,1,66.19818,1,0,
6,2,1,66.19818,0,0,
1,2,1,66.36485,0,0,
6,1,1,66.44819,0,0,
1,6,1,66.53152,1,0,
6,0,1,66.53152,0,0,
1,0,1,66.6982,0,0,
6,1,1,66.78153,0,0,
1,6,1,66.86487,1,0,
6,2,1,66.86487,0,0,
1,0,1,67.03154,0,0,
6,1,1,67.11487,0,0,
1,6,1,67.19821,1,0,
6,2,1,67.19821,0,0,
1,2,1,67.36488,0,0,
6,1,1,67.44822,0,0,
1,6,1,67.53155,1,0,
6,0,1,67.53155,0,0,
1,0,1,67.69823,0,0,
6,1,1,67.78156,0,0,
1,6,1,67.8649,1,0,
6,2,1,67.8649,0,0,
1,2,1,68.03157,1,0,
1,6,1,68.03157,0,0,
6,1,1,68.11491,0,0,
1,6,1,68.19824,1,0,
6,0,1,68.19824,0,0,
1,2,1,68.36491,0,0,
6,1,1,68.44825,0,0,
1,6,1,68.53157,1,0,
6,0,1,68.53157,0,0,
1,0,1,68.69826,0,0,
6,1,1,68.78159,0,0,
1,6,1,68.86493,1,0,
6,2,1,68.86493,0,0,
1,2,1,69.0316,0,0,
6,1,1,69.11494,0,0,
1,6,1,69.19827,1,0,
6,0,1,69.19827,0,0,
1,0,1,69.36494,0,0,
6,1,1,69.44828,0,0,
1,6,1,69.53162,1,0,
6,2,1,69.53162,0,0,
1,0,1,69.69829,0,0,
6,1,1,69.78162,0,0,
1,6,1,69.86496,1,0,
6,2,1,69.86496,0,0,
1,2,1,70.03163,0,0,
6,1,1,70.11497,0,0,
1,6,1,70.1983,1,0,
6,0,1,70.1983,0,0,
1,0,1,70.36497,0,0,
6,1,1,70.44831,0,0,
1,6,1,70.53165,1,0,
6,2,1,70.53165,0,0,
1,2,1,70.69832,1,0,
1,6,1,70.69832,0,0,
6,1,1,70.78165,0,0,
1,6,1,70.86499,1,0,
6,0,1,70.86499,0,0,
1,2,1,71.03166,0,0,
6,1,1,71.115,0,0,
1,6,1,71.19833,1,0,
6,0,1,71.19833,0,0,
1,6,1,71.365,0,0,
6,5,1,71.44833,0,0,
1,0,1,71.53168,1,0,
6,4,1,71.53168,0,0,
1,4,1,71.69835,0,0,
6,5,1,71.78168,0,0,
1,0,1,71.86502,1,0,
6,6,1,71.86502,0,0,
1,6,1,72.03169,0,0,
6,5,1,72.11503,0,0,
1,0,1,72.19836,1,0,
6,4,1,72.19836,0,0,
1,6,1,72.36504,0,0,
6,5,1,72.44837,0,0,
1,0,1,72.53171,1,0,
6,4,1,72.53171,0,0,
1,4,1,72.69838,0,0,
6,5,1,72.78171,0,0,
1,0,1,72.86505,1,0,
6,6,1,72.86505,0,0,
1,6,1,73.03172,0,0,
6,5,1,73.11506,0,0,
1,0,1,73.19839,1,0,
6,4,1,73.19839,0,0,
1,0,1,73.36507,1,0,
1,4,1,73.36507,0,0,
6,5,1,73.4484,0,0,
1,0,1,73.53174,1,0,
6,6,1,73.53174,0,0,
1,4,1,73.69841,0,0,
6,5,1,73.78174,0,0,
1,0,1,73.86508,1,0,
6,6,1,73.86508,0,0,
1,6,1,74.03175,0,0,
6,5,1,74.11508,0,0,
1,0,1,74.19842,1,0,
6,4,1,74.19842,0,0,
1,4,1,74.3651,0,0,
6,5,1,74.44843,0,0,
1,0,1,74.53177,1,0,
6,6,1,74.53177,0,0,
1,6,1,74.69844,0,0,
6,5,1,74.78178,0,0,
1,0,1,74.86511,1,0,
6,4,1,74.86511,0,0,
1,6,1,75.03178,0,0,
6,5,1,75.11512,0,0,
1,0,1,75.19845,1,0,
6,4,1,75.19845,0,0,
1,4,1,75.36513,0,0,
6,5,1,75.44847,0,0,
1,0,1,75.5318,1,0,
6,6,1,75.5318,0,0,
1,6,1,75.69847,0,0,
6,5,1,75.78181,0,0,
1,0,1,75.86514,1,0,
6,4,1,75.86514,0,0,
1,4,1,76.03181,0,0,
6,5,1,76.11515,0,0,
1,0,1,76.19849,1,0,
6,6,1,76.19849,0,0,
1,4,1,76.36516,0,0,
6,5,1,76.44849,0,0,
1,0,1,76.53183,1,0,
6,6,1,76.53183,0,0,
1,0,1,76.86517,0,0,
1,2,1,77.53186,0,0,
1,5,1,77.78187,0,0,
1,4,1,78.03187,0,0,
1,1,1,78.19855,0,0,
1,0,1,78.86522,0,0,
1,4,1,79.19855,0,0,
1,6,1,79.53189,0,0,
1,1,1,79.7819,0,0,
1,3,1,80.03191,0,0,
1,6,1,80.19858,0,0,
1,3,1,80.44858,0,0,
1,1,1,80.69859,0,0,
1,3,1,80.86526,0,0,
1,2,1,81.36528,0,0,
1,5,1,81.53195,0,0,
1,2,1,82.03197,0,0,
6,3,1,82.1153,0,0,
6,4,1,82.19864,0,0,
1,4,1,82.86533,0,0,
1,2,1,83.11533,0,0,
1,1,1,83.36534,0,0,
1,5,1,83.53201,0,0,
1,5,1,84.19868,0,0,
1,2,1,84.53202,0,0,
1,3,1,84.86536,0,0,
1,2,1,85.11536,0,0,
1,1,1,85.36537,0,0,
1,4,1,85.53204,0,0,
1,0,1,85.78205,0,0,
1,6,1,86.03206,0,0,
1,0,1,86.19873,0,0,
1,1,1,86.86542,0,0,
1,5,1,87.11542,0,0,
1,2,1,87.36543,0,0,
6,3,1,87.44877,0,0,
6,4,1,87.5321,0,0,
1,5,1,88.19879,0,0,
1,1,1,88.4488,0,0,
1,4,1,88.69881,0,0,
6,3,1,88.78214,0,0,
6,2,1,88.86548,0,0,
1,1,1,89.53216,0,0,
1,5,1,89.78217,0,0,
1,2,1,90.03218,0,0,
6,3,1,90.11552,0,0,
6,4,1,90.19885,0,0,
1,1,1,90.53221,0,0,
1,4,1,90.61553,0,0,
1,2,1,90.69887,0,0,
1,4,1,90.78221,0,0,
1,1,1,90.86554,0,0,
1,6,1,91.11555,0,0,
1,4,1,91.36555,0,0,
1,3,1,91.53223,0,0,
1,1,1,91.78223,0,0,
1,2,1,92.03224,0,0,
6,1,1,92.11557,0,0,
6,0,1,92.19891,0,0,
1,6,1,92.53226,0,0,
1,4,1,92.61559,0,0,
1,6,1,92.69893,0,0,
1,1,1,92.78226,0,0,
1,5,1,92.8656,0,0,
1,3,1,92.94894,0,0,
1,5,1,93.03227,0,0,
1,1,1,93.11561,0,0,
1,4,1,93.19894,0,0,
1,2,1,93.28228,0,0,
1,4,1,93.36561,0,0,
1,1,1,93.44896,0,0,
1,4,1,93.53229,0,0,
1,0,1,93.78229,0,0,
1,4,1,94.0323,0,0,
1,2,1,94.11564,0,0,
1,6,1,94.19897,0,0,
1,4,1,94.44898,0,0,
1,2,1,94.69899,0,0,
1,5,1,94.86566,0,0,
1,3,1,95.11567,0,0,
1,5,1,95.36568,0,0,
1,6,1,95.53235,0,0,
1,4,1,95.61568,0,0,
1,6,1,95.69902,0,0,
1,1,1,95.78236,0,0,
1,6,1,95.86569,0,0,
1,4,1,95.94903,0,0,
1,6,1,96.03236,0,0,
1,1,1,96.11571,0,0,
1,4,1,96.19903,0,0,
1,2,1,96.28237,0,0,
1,4,1,96.36571,0,0,
1,0,1,96.44904,0,0,
1,4,1,96.53238,0,0,
1,2,1,96.61571,0,0,
1,4,1,96.69905,0,0,
1,0,1,96.78239,0,0,
1,5,1,96.86572,0,0,
1,3,1,96.94906,0,0,
1,5,1,97.03239,0,0,
1,1,1,97.11573,0,0,
1,5,1,97.19907,0,0,
1,3,1,97.2824,0,0,
1,5,1,97.36574,0,0,
1,1,1,97.44907,0,0,
1,4,1,97.53241,0,0,
1,2,1,97.61574,0,0,
1,4,1,97.69908,0,0,
1,0,1,97.78242,0,0,
1,4,1,97.86575,0,0,
1,2,1,97.94909,0,0,
1,4,1,98.03242,0,0,
1,0,1,98.11576,0,0,
1,0,1,98.1991,1,0,
3,3,1,98.1991,0,0,
1,6,1,98.31021,0,0,
1,1,1,98.42132,0,0,
1,5,1,98.53244,1,0,
3,3,1,98.53244,0,0,
1,2,1,98.64355,0,0,
1,4,1,98.75467,0,0,
1,1,1,98.86578,1,0,
3,3,1,98.86578,0,0,
1,4,1,98.9769,0,0,
1,2,1,99.08801,0,0,
1,5,1,99.19913,1,0,
3,3,1,99.19913,0,0,
1,1,1,99.31024,0,0,
1,6,1,99.42137,0,0,
1,0,1,99.53247,1,0,
3,3,1,99.53247,0,0,
1,4,1,99.64358,0,0,
1,1,1,99.7547,0,0,
1,6,1,99.86581,1,0,
3,3,1,99.86581,0,0,
1,2,1,99.97693,0,0,
3,3,1,100.0325,0,0,
1,5,1,100.088,0,0,
1,1,1,100.1992,1,0,
3,3,1,100.1992,0,0,
1,4,1,100.3103,0,0,
1,2,1,100.4214,0,0,
1,6,1,100.5325,1,0,
3,3,1,100.5325,0,0,
1,2,1,100.6436,0,0,
1,5,1,100.7547,0,0,
1,1,1,100.8658,1,0,
3,3,1,100.8658,0,0,
1,4,1,100.977,0,0,
1,0,1,101.0881,0,0,
1,5,1,101.1992,1,0,
3,3,1,101.1992,0,0,
1,1,1,101.3103,0,0,
1,6,1,101.4214,0,0,
1,0,1,101.5325,1,0,
3,3,1,101.5325,0,0,
1,5,1,101.6436,0,0,
1,1,1,101.7548,0,0,
1,6,1,101.8659,1,0,
3,3,1,101.8659,0,0,
1,2,1,101.977,0,0,
1,6,1,102.0881,0,0,
1,1,1,102.1992,1,0,
3,3,1,102.1992,0,0,
1,5,1,102.3103,0,0,
1,2,1,102.4214,0,0,
1,6,1,102.5326,1,0,
3,3,1,102.5326,0,0,
1,1,1,102.6437,0,0,
3,3,1,102.6992,0,0,
1,4,1,102.7548,0,0,
1,0,1,102.8659,1,0,
3,3,1,102.8659,0,0,
1,5,1,102.977,0,0,
1,2,1,103.0881,0,0,
1,6,1,103.1993,1,0,
3,3,1,103.1993,0,0,
1,1,1,103.3104,0,0,
1,5,1,103.4215,0,0,
1,1,1,103.5326,1,0,
3,3,1,103.5326,0,0,
1,4,1,103.6437,0,0,
1,0,1,103.7548,0,0,
1,5,1,103.8659,1,0,
3,3,1,103.8659,0,0,
1,2,1,103.977,0,0,
1,5,1,104.0882,0,0,
1,0,1,104.1993,1,0,
3,3,1,104.1993,0,0,
1,6,1,104.3104,0,0,
1,2,1,104.4215,0,0,
1,5,1,104.5326,1,0,
3,3,1,104.5326,0,0,
1,1,1,104.6437,0,0,
1,6,1,104.7549,0,0,
1,0,1,104.866,1,0,
3,3,1,104.866,0,0,
1,5,1,104.9771,0,0,
1,1,1,105.0882,0,0,
1,6,1,105.1993,1,0,
3,3,1,105.1993,0,0,
1,2,1,105.3104,0,0,
3,3,1,105.366,0,0,
1,6,1,105.4215,0,0,
1,1,1,105.5327,1,0,
3,3,1,105.5327,0,0,
1,5,1,105.6438,0,0,
1,0,1,105.7549,0,0,
1,6,1,105.866,1,0,
3,3,1,105.866,0,0,
1,2,1,105.9771,0,0,
1,4,1,106.0882,0,0,
1,1,1,106.1993,1,0,
3,3,1,106.1993,0,0,
1,5,1,106.3105,0,0,
1,2,1,106.4216,0,0,
1,6,1,106.5327,1,0,
3,3,1,106.5327,0,0,
1,0,1,106.6438,0,0,
1,5,1,106.7549,0,0,
1,1,1,106.866,1,0,
3,3,1,106.866,0,0,
1,4,1,106.9771,0,0,
1,0,1,107.0883,0,0,
1,5,1,107.1994,1,0,
3,3,1,107.1994,0,0,
1,1,1,107.3105,0,0,
1,6,1,107.4216,0,0,
1,0,1,107.5327,1,0,
3,3,1,107.5327,0,0,
1,5,1,107.6438,0,0,
1,1,1,107.7549,0,0,
1,6,1,107.8661,1,0,
3,3,1,107.8661,0,0,
1,2,1,107.9772,0,0,
1,5,1,108.0883,0,0,
1,1,1,108.1994,1,0,
3,3,1,108.1994,0,0,
1,4,1,108.3105,0,0,
1,2,1,108.4216,0,0,
1,5,1,108.5328,1,0,
3,3,1,108.5328,0,0,
1,1,1,108.6439,0,0,
1,6,1,108.755,0,0,
1,0,1,108.8661,1,0,
3,3,1,108.8661,0,0,
1,5,1,108.9772,0,0,
1,2,1,109.0883,0,0,
1,6,1,109.1994,1,0,
3,3,1,109.1994,0,0,
1,1,1,109.3105,0,0,
1,4,1,109.4217,0,0,
1,0,1,109.5328,1,0,
3,3,1,109.5328,0,0,
1,6,1,109.6439,0,0,
1,2,1,109.755,0,0,
1,5,1,109.8661,1,0,
3,3,1,109.8661,0,0,
1,1,1,109.9772,0,0,
1,6,1,110.0884,0,0,
1,0,1,110.1995,1,0,
3,3,1,110.1995,0,0,
1,4,1,110.3106,0,0,
1,2,1,110.4217,0,0,
1,5,1,110.5328,1,0,
3,3,1,110.5328,0,0,
1,1,1,110.6439,0,0,
3,3,1,110.6995,0,0,
1,4,1,110.755,0,0,
1,0,1,110.8661,1,0,
3,3,1,110.8661,0,0,
1,4,1,110.9773,0,0,
1,1,1,111.0884,0,0,
1,5,1,111.1995,1,0,
3,3,1,111.1995,0,0,
1,2,1,111.3106,0,0,
1,6,1,111.4217,0,0,
1,1,1,111.5328,1,0,
3,3,1,111.5328,0,0,
1,4,1,111.644,0,0,
1,2,1,111.7551,0,0,
1,5,1,111.8662,1,0,
3,3,1,111.8662,0,0,
1,0,1,111.9773,0,0,
1,6,1,112.0884,0,0,
1,1,1,112.1995,1,0,
3,3,1,112.1995,0,0,
1,5,1,112.3106,0,0,
1,2,1,112.4218,0,0,
1,6,1,112.5329,1,0,
3,3,1,112.5329,0,0,
1,1,1,112.644,0,0,
1,5,1,112.7551,0,0,
1,0,1,112.8662,1,0,
3,3,1,112.8662,0,0,
1,4,1,112.9773,0,0,
1,1,1,113.0884,0,0,
1,5,1,113.1996,1,0,
3,3,1,113.1996,0,0,
1,2,1,113.3107,0,0,
3,3,1,113.3662,0,0,
1,4,1,113.4218,0,0,
1,1,1,113.5329,1,0,
3,3,1,113.5329,0,0,
1,6,1,113.644,0,0,
1,2,1,113.7551,0,0,
1,5,1,113.8662,1,0,
3,3,1,113.8662,0,0,
1,0,1,113.9774,0,0,
1,4,1,114.0885,0,0,
1,1,1,114.1996,1,0,
3,3,1,114.1996,0,0,
1,5,1,114.3107,0,0,
1,2,1,114.4218,0,0,
1,6,1,114.5329,1,0,
3,3,1,114.5329,0,0,
1,1,1,114.644,0,0,
1,4,1,114.7552,0,0,
1,0,1,114.8663,1,0,
3,3,1,114.8663,0,0,
1,6,1,114.9774,0,0,
1,2,1,115.0885,0,0,
1,5,1,115.1996,1,0,
3,3,1,115.1996,0,0,
1,1,1,115.3107,0,0,
1,4,1,115.4219,0,0,
1,0,1,115.533,1,0,
3,3,1,115.533,0,0,
1,6,1,115.6441,0,0,
1,1,1,115.7552,0,0,
1,5,1,115.8663,1,0,
3,3,1,115.8663,0,0,
1,0,1,115.9774,0,0,
3,3,1,116.033,0,0,
1,6,1,116.0885,0,0,
1,1,1,116.1996,1,0,
3,3,1,116.1996,0,0,
1,4,1,116.3108,0,0,
1,2,1,116.4219,0,0,
1,6,1,116.533,1,0,
3,3,1,116.533,0,0,
1,0,1,116.6441,0,0,
1,5,1,116.7552,0,0,
1,1,1,116.8663,1,0,
3,3,1,116.8663,0,0,
1,4,1,116.9775,0,0,
1,0,1,117.0886,0,0,
1,5,1,117.1997,1,0,
3,3,1,117.1997,0,0,
1,2,1,117.3108,0,0,
1,6,1,117.4219,0,0,
1,1,1,117.533,1,0,
3,3,1,117.533,0,0,
1,4,1,117.6441,0,0,
1,2,1,117.7552,0,0,
1,6,1,117.8664,1,0,
3,3,1,117.8664,0,0,
1,0,1,117.9775,0,0,
1,5,1,118.0886,0,0,
1,1,1,118.1997,1,0,
3,3,1,118.1997,0,0,
1,4,1,118.3108,0,0,
1,2,1,118.4219,0,0,
1,5,1,118.5331,1,0,
3,3,1,118.5331,0,0,
1,2,1,118.6442,0,0,
1,4,1,118.7553,0,0,
1,0,1,118.8664,1,0,
3,3,1,118.8664,0,0,
1,6,1,118.9775,0,0,
1,1,1,119.0886,0,0,
1,5,1,119.1997,1,0,
3,3,1,119.1997,0,0,
1,2,1,119.3109,0,0,
1,4,1,119.422,0,0,
1,0,1,119.5331,1,0,
1,6,1,119.5331,0,0,
1,6,1,119.6998,1,0,
1,0,1,119.6998,0,0,
1,2,1,119.8664,0,0,
1,4,1,119.9498,0,0,
1,2,1,120.0331,0,0,
1,4,1,120.1164,0,0,
1,6,1,120.1998,1,0,
1,0,1,120.1998,0,0,
1,0,1,120.3664,1,0,
1,6,1,120.3664,0,0,
1,4,1,120.5331,0,0,
1,2,1,120.6164,0,0,
1,4,1,120.6998,0,0,
1,2,1,120.7831,0,0,
1,0,1,120.8665,1,0,
1,6,1,120.8665,0,0,
1,6,1,121.0331,1,0,
1,0,1,121.0331,0,0,
1,2,1,121.1998,0,0,
1,4,1,121.2831,0,0,
1,2,1,121.3665,0,0,
1,4,1,121.4498,0,0,
1,0,1,121.5331,1,0,
1,6,1,121.5331,0,0,
1,5,1,121.8665,1,0,
1,1,1,121.8665,0,0,
1,4,1,122.1998,1,0,
1,2,1,122.1998,0,0,
1,4,1,122.3665,1,0,
1,2,1,122.3665,0,0,
1,0,1,122.5332,0,0,
1,6,1,122.6165,0,0,
1,0,1,122.6998,0,0,
1,6,1,122.7832,0,0,
1,4,1,122.8665,1,0,
1,2,1,122.8665,0,0,
1,4,1,123.0332,1,0,
1,2,1,123.0332,0,0,
1,6,1,123.1999,0,0,
1,0,1,123.2832,0,0,
1,6,1,123.3665,0,0,
1,0,1,123.4499,0,0,
1,2,1,123.5332,1,0,
1,4,1,123.5332,0,0,
1,4,1,123.6999,1,0,
1,2,1,123.6999,0,0,
1,0,1,123.8666,0,0,
1,6,1,123.9499,0,0,
1,0,1,124.0332,0,0,
1,6,1,124.1166,0,0,
1,4,1,124.1999,1,0,
1,2,1,124.1999,0,0,
1,3,1,124.3666,0,0,
1,5,1,124.5332,1,0,
1,1,1,124.5332,0,0,
1,3,1,124.6999,0,0,
1,5,1,124.8666,1,0,
1,1,1,124.8666,0,0,
1,5,1,125.0332,1,0,
1,1,1,125.0332,0,0,
1,2,1,125.1999,0,0,
1,4,1,125.2833,0,0,
1,2,1,125.3666,0,0,
1,4,1,125.4499,0,0,
1,1,1,125.5333,1,0,
1,5,1,125.5333,0,0,
1,1,1,125.6999,1,0,
1,5,1,125.6999,0,0,
1,4,1,125.8666,0,0,
1,2,1,125.9499,0,0,
1,4,1,126.0333,0,0,
1,2,1,126.1166,0,0,
1,1,1,126.2,1,0,
1,5,1,126.2,0,0,
1,5,1,126.3666,1,0,
1,1,1,126.3666,0,0,
1,2,1,126.5333,0,0,
1,4,1,126.6166,0,0,
1,2,1,126.7,0,0,
1,4,1,126.7833,0,0,
1,1,1,126.8666,1,0,
1,5,1,126.8666,0,0,
1,3,1,127.0333,0,0,
6,2,1,127.1166,0,0,
1,5,1,127.2,1,0,
6,1,1,127.2,0,0,
1,3,1,127.3666,0,0,
6,4,1,127.45,0,0,
1,1,1,127.5333,1,0,
6,5,1,127.5333,0,0,
1,0,1,127.7,1,0,
1,6,1,127.7,0,0,
1,6,1,127.8667,1,0,
1,0,1,127.8667,0,0,
6,1,1,127.95,1,0,
6,5,1,127.95,0,0,
6,2,1,128.0333,1,0,
6,4,1,128.0333,0,0,
6,1,1,128.1167,1,0,
6,5,1,128.1167,0,0,
6,0,1,128.2,1,0,
6,6,1,128.2,0,0,
1,5,1,128.3667,1,0,
1,1,1,128.3667,0,0,
1,4,1,128.5333,1,0,
1,2,1,128.5333,0,0,
6,5,1,128.6166,1,0,
6,1,1,128.6166,0,0,
6,6,1,128.7,1,0,
6,0,1,128.7,0,0,
6,1,1,128.7833,1,0,
6,5,1,128.7833,0,0,
6,4,1,128.8666,1,0,
6,2,1,128.8666,0,0,
1,5,1,129.0333,1,0,
1,1,1,129.0333,0,0,
1,6,1,129.1999,1,0,
1,0,1,129.1999,0,0,
6,1,1,129.2833,1,0,
6,5,1,129.2833,0,0,
6,2,1,129.3666,1,0,
6,4,1,129.3666,0,0,
6,5,1,129.4499,1,0,
6,1,1,129.4499,0,0,
6,6,1,129.5333,1,0,
6,0,1,129.5333,0,0,
1,1,1,129.6166,0,0,
6,2,1,129.6999,0,0,
6,2,1,129.7832,0,0,
1,5,1,129.8666,1,0,
6,1,1,129.8666,0,0,
6,4,1,129.9499,0,0,
6,4,1,130.0332,0,0,
6,5,1,130.1166,0,0,
1,1,1,130.1999,0,0,
1,5,1,130.2832,0,0,
1,0,1,130.3665,0,0,
1,4,1,130.4499,0,0,
1,2,1,130.5332,0,0,
1,6,1,130.6165,0,0,
1,0,1,130.6999,0,0,
1,4,1,130.7832,0,0,
1,1,1,130.8665,0,0,
1,1,1,130.9498,0,0,
1,5,1,131.0332,0,0,
1,5,1,131.1165,0,0,
1,2,1,131.1998,0,0,
1,2,1,131.2831,0,0,
1,4,1,131.3665,0,0,
1,4,1,131.4498,0,0,
1,2,1,131.5331,0,0,
1,4,1,131.6165,0,0,
1,3,1,131.6998,0,0,
1,5,1,131.7831,0,0,
1,4,1,131.8664,0,0,
1,6,1,131.9498,0,0,
1,5,1,132.0331,0,0,
1,6,1,132.1164,0,0,
1,4,1,132.1998,0,0,
1,6,1,132.2831,0,0,
1,3,1,132.3664,0,0,
1,5,1,132.4497,0,0,
1,2,1,132.5331,0,0,
1,4,1,132.6164,0,0,
1,1,1,132.6997,0,0,
1,3,1,132.7831,0,0,
1,0,1,132.8664,0,0,
1,2,1,132.9497,0,0,
1,0,1,133.033,0,0,
1,1,1,133.1164,0,0,
1,0,1,133.1997,0,0,
1,2,1,133.283,0,0,
1,0,1,133.3664,0,0,
1,2,1,133.4497,0,0,
1,1,1,133.533,0,0,
1,3,1,133.6163,0,0,
1,1,1,133.6997,0,0,
1,4,1,133.783,0,0,
1,1,1,133.8663,0,0,
1,5,1,133.9497,0,0,
1,1,1,134.033,0,0,
1,6,1,134.1163,0,0,
1,5,1,134.1996,0,0,
1,6,1,134.283,0,0,
1,4,1,134.3663,0,0,
1,6,1,134.4496,0,0,
1,5,1,134.533,0,0,
1,6,1,134.6163,0,0,
1,4,1,134.6996,0,0,
1,6,1,134.7829,0,0,
1,3,1,134.8663,0,0,
1,6,1,134.9496,0,0,
1,2,1,135.0329,0,0,
1,6,1,135.1162,0,0,
1,1,1,135.1996,0,0,
1,6,1,135.2829,0,0,
1,0,1,135.3662,0,0,
1,6,1,135.4496,0,0,
3,4,1,135.5329,1,0,
3,2,1,135.5329,0,0,
1,6,1,135.6162,0,0,
1,0,1,135.6995,0,0,
1,6,1,135.7829,0,0,
1,0,1,135.8662,0,0,
1,6,1,135.9495,0,0,
1,0,1,136.0329,0,0,
1,6,1,136.1162,0,0,
3,2,1,136.1995,1,0,
3,4,1,136.1995,0,0,
1,2,1,136.2828,0,0,
1,4,1,136.3662,0,0,
1,2,1,136.4495,0,0,
1,4,1,136.5328,0,0,
1,2,1,136.6162,0,0,
1,4,1,136.6995,0,0,
1,2,1,136.7828,0,0,
3,4,1,136.8661,1,0,
3,2,1,136.8661,0,0,
1,6,1,136.9495,0,0,
1,0,1,137.0328,0,0,
1,5,1,137.1161,0,0,
1,1,1,137.1995,0,0,
1,4,1,137.2828,0,0,
1,2,1,137.3661,0,0,
1,3,1,137.4494,0,0,
3,4,1,137.5328,1,0,
3,2,1,137.5328,0,0,
1,3,1,137.6161,0,0,
1,4,1,137.6994,0,0,
1,2,1,137.7828,0,0,
1,5,1,137.8661,0,0,
1,1,1,137.9494,0,0,
1,6,1,138.0327,0,0,
1,0,1,138.1161,0,0,
3,4,1,138.1994,1,0,
3,2,1,138.1994,0,0,
1,6,1,138.2827,0,0,
1,0,1,138.366,0,0,
1,6,1,138.4494,0,0,
1,0,1,138.5327,0,0,
1,6,1,138.616,0,0,
1,0,1,138.6994,0,0,
1,6,1,138.7827,0,0,
3,4,1,138.866,1,0,
3,2,1,138.866,0,0,
1,0,1,138.9493,0,0,
1,4,1,139.0327,0,0,
1,1,1,139.116,0,0,
1,5,1,139.1993,0,0,
1,2,1,139.2827,0,0,
1,6,1,139.366,0,0,
1,3,1,139.4493,0,0,
3,4,1,139.5326,1,0,
3,2,1,139.5326,0,0,
1,6,1,139.616,0,0,
1,2,1,139.6993,0,0,
1,5,1,139.7826,0,0,
1,1,1,139.866,0,0,
1,4,1,139.9493,0,0,
1,0,1,140.0326,0,0,
1,3,1,140.1159,0,0,
3,4,1,140.1993,1,0,
3,2,1,140.1993,0,0,
1,0,1,140.2826,0,0,
1,6,1,140.3659,0,0,
1,1,1,140.4493,0,0,
1,5,1,140.5326,0,0,
1,0,1,140.6159,0,0,
1,6,1,140.6992,0,0,
1,1,1,140.7826,0,0,
1,5,1,140.8659,0,0,
1,0,1,140.9492,0,0,
1,6,1,141.0326,0,0,
1,1,1,141.1159,0,0,
1,5,1,141.1992,0,0,
1,0,1,141.2825,0,0,
1,6,1,141.3659,0,0,
1,1,1,141.4492,0,0,
1,5,1,141.5325,0,0,
1,2,1,141.6159,0,0,
1,4,1,141.6992,0,0,
1,1,1,141.7825,0,0,
1,5,1,141.8658,0,0,
1,2,1,141.9492,0,0,
1,4,1,142.0325,0,0,
1,1,1,142.1158,0,0,
1,5,1,142.1991,0,0,
1,2,1,142.2825,0,0,
1,4,1,142.3658,0,0,
1,1,1,142.4491,0,0,
1,5,1,142.5325,0,0,
1,2,1,142.6158,0,0,
1,4,1,142.6991,0,0,
1,1,1,142.7824,0,0,
1,5,1,142.8658,0,0,
1,0,1,142.9491,0,0,
1,6,1,143.0324,0,0,
1,1,1,143.1158,0,0,
1,5,1,143.1991,0,0,
1,0,1,143.2824,0,0,
1,6,1,143.3657,0,0,
1,1,1,143.4491,0,0,
1,5,1,143.5324,0,0,
1,0,1,143.6157,0,0,
1,6,1,143.6991,0,0,
1,1,1,143.7824,0,0,
1,5,1,143.8657,0,0,
1,0,1,143.949,0,0,
1,6,1,144.0324,0,0,
1,1,1,144.1157,0,0,
1,5,1,144.199,0,0,
1,2,1,144.2824,0,0,
1,4,1,144.3657,0,0,
1,1,1,144.449,0,0,
1,5,1,144.5323,0,0,
1,2,1,144.6157,0,0,
1,4,1,144.699,0,0,
1,1,1,144.7823,0,0,
1,5,1,144.8657,0,0,
1,2,1,144.949,0,0,
1,4,1,145.0323,0,0,
1,1,1,145.1156,0,0,
1,5,1,145.199,0,0,
1,2,1,145.2823,0,0,
1,4,1,145.3656,0,0,
1,1,1,145.449,0,0,
1,5,1,145.5323,0,0,
1,0,1,145.6156,0,0,
1,6,1,145.6989,0,0,
1,1,1,145.7823,0,0,
1,5,1,145.8656,0,0,
1,0,1,145.9489,0,0,
1,6,1,146.0322,0,0,
1,1,1,146.1156,0,0,
1,5,1,146.1989,0,0,
1,0,1,146.2822,0,0,
1,6,1,146.3656,0,0,
1,1,1,146.4489,0,0,
1,5,1,146.5322,0,0,
1,0,1,146.6155,0,0,
1,6,1,146.6989,0,0,
1,1,1,146.7822,0,0,
1,5,1,146.8655,0,0,
1,2,1,146.9489,0,0,
1,4,1,147.0322,0,0,
1,1,1,147.1155,0,0,
1,5,1,147.1988,0,0,
1,2,1,147.2822,0,0,
1,4,1,147.3655,0,0,
1,1,1,147.4488,0,0,
1,5,1,147.5322,0,0,
1,2,1,147.6155,0,0,
1,4,1,147.6988,0,0,
1,1,1,147.7821,0,0,
1,5,1,147.8655,0,0,
1,2,1,147.9488,0,0,
1,4,1,148.0321,0,0,
1,0,1,148.1155,0,0,
1,6,1,148.1988,0,0,
1,2,1,148.2821,0,0,
1,5,1,148.3654,0,0,
1,1,1,148.4488,0,0,
1,4,1,148.5321,0,0,
1,0,1,148.6154,0,0,
1,5,1,148.6988,0,0,
1,2,1,148.7821,0,0,
1,6,1,148.8654,0,0,
1,1,1,148.9487,0,0,
1,5,1,149.0321,0,0,
1,0,1,149.1154,0,0,
1,4,1,149.1987,0,0,
1,2,1,149.2821,0,0,
1,6,1,149.3654,0,0,
1,1,1,149.4487,0,0,
1,4,1,149.532,0,0,
1,3,1,149.6154,0,0,
1,5,1,149.6987,0,0,
1,2,1,149.782,0,0,
1,4,1,149.8653,0,0,
1,1,1,149.9487,0,0,
1,5,1,150.032,0,0,
1,0,1,150.1153,0,0,
6,0,1,150.1987,1,0,
1,6,1,150.1987,0,0,
6,1,1,150.2542,0,0,
6,0,1,150.3098,0,0,
6,1,1,150.3653,0,0,
6,0,1,150.4209,0,0,
6,1,1,150.4764,0,0,
6,0,1,150.532,1,0,
1,5,1,150.532,0,0,
6,1,1,150.5876,0,0,
6,0,1,150.6431,0,0,
6,1,1,150.6987,0,0,
6,0,1,150.7542,0,0,
6,1,1,150.8098,0,0,
1,4,1,150.8653,1,0,
6,0,1,150.8653,0,0,
6,1,1,150.9209,0,0,
6,0,1,150.9765,0,0,
6,1,1,151.032,0,0,
6,0,1,151.0876,0,0,
6,1,1,151.1431,0,0,
6,0,1,151.1987,1,0,
1,5,1,151.1987,0,0,
6,1,1,151.2542,0,0,
6,0,1,151.3098,0,0,
6,1,1,151.3654,0,0,
6,0,1,151.4209,0,0,
6,1,1,151.4765,0,0,
3,0,1,151.532,6,0,
3,1,1,151.532,0,0,
3,2,1,151.532,0,0,
3,4,1,151.532,0,0,
3,5,1,151.532,0,0,
3,6,1,151.532,0,0,
1,3,1,151.532,0,0,
1,1,1,151.8654,6,0,
1,5,1,151.8654,0,0,
3,0,1,151.8654,0,0,
3,2,1,151.8654,0,0,
3,3,1,151.8654,0,0,
3,4,1,151.8654,0,0,
3,6,1,151.8654,0,0,
-1,0,0,0,0,0,