0,-0.10,0,0,0,0,
1,2,1,0.677015,0,0,
1,0,1,1.274030,1,0,
1,4,1,1.274030,0,0,
1,3,1,1.423284,1,0,
1,4,1,1.423284,0,0,
1,0,1,1.572537,0,0,
1,6,1,1.647164,0,0,
1,0,1,1.721791,0,0,
1,0,1,1.796418,0,0,
1,4,1,1.871045,1,0,
1,5,1,1.871045,0,0,
1,2,1,2.020298,1,0,
1,3,1,2.020298,0,0,
1,4,1,2.169553,0,0,
1,3,1,2.244180,0,0,
1,0,1,2.318807,0,0,
1,4,1,2.393434,0,0,
1,0,1,2.468060,1,0,
1,2,1,2.468060,0,0,
1,4,1,2.617314,1,0,
1,1,1,2.617314,0,0,
1,3,1,2.766568,0,0,
1,4,1,2.841195,0,0,
1,6,1,2.915822,0,0,
1,5,1,2.990449,0,0,
1,3,1,3.065075,1,0,
1,5,1,3.065075,0,0,
1,2,1,3.214329,1,0,
1,1,1,3.214329,0,0,
1,2,1,3.363584,0,0,
1,0,1,3.438210,0,0,
1,2,1,3.512837,0,0,
1,2,1,3.587464,0,0,
1,3,1,3.662091,1,0,
1,0,1,3.662091,0,0,
1,5,1,3.811345,1,0,
1,1,1,3.811345,0,0,
1,0,1,3.960599,0,0,
1,5,1,4.035226,0,0,
1,4,1,4.109853,0,0,
1,1,1,4.184480,0,0,
1,0,1,4.259107,1,0,
1,6,1,4.259107,0,0,
1,3,1,4.408360,1,0,
1,5,1,4.408360,0,0,
1,6,1,4.557614,0,0,
1,6,1,4.632241,0,0,
1,0,1,4.706868,0,0,
1,1,1,4.781495,0,0,
1,6,1,4.856122,1,0,
1,5,1,4.856122,0,0,
1,5,1,5.005375,1,0,
1,1,1,5.005375,0,0,
1,1,1,5.154630,0,0,
1,2,1,5.229257,0,0,
1,4,1,5.303884,0,0,
1,6,1,5.378510,0,0,
1,0,1,5.453137,1,0,
1,3,1,5.453137,0,0,
1,6,1,5.602391,1,0,
1,0,1,5.602391,0,0,
1,0,1,5.751645,0,0,
1,3,1,5.826272,0,0,
1,2,1,5.900899,0,0,
1,6,1,5.975526,0,0,
1,0,1,6.050152,1,0,
1,5,1,6.050152,0,0,
1,5,1,6.199407,1,0,
1,2,1,6.199407,0,0,
1,6,1,6.348660,0,0,
1,5,1,6.423287,0,0,
1,3,1,6.497914,1,0,
1,4,1,6.497914,0,0,
1,0,1,6.572541,0,0,
1,0,1,6.647168,1,0,
1,5,1,6.647168,0,0,
1,6,1,6.796422,1,0,
1,0,1,6.796422,0,0,
1,2,1,6.945676,0,0,
1,4,1,7.020303,0,0,
1,1,1,7.094930,1,0,
1,2,1,7.094930,0,0,
1,6,1,7.169557,0,0,
1,4,1,7.244184,1,0,
1,2,1,7.244184,0,0,
1,6,1,7.393437,1,0,
1,3,1,7.393437,0,0,
1,5,1,7.542691,0,0,
1,4,1,7.617318,0,0,
1,1,1,7.691945,1,0,
1,0,1,7.691945,0,0,
1,4,1,7.766572,0,0,
1,5,1,7.841198,1,0,
1,4,1,7.841198,0,0,
1,2,1,7.990452,1,0,
1,6,1,7.990452,0,0,
1,0,1,8.139707,0,0,
1,3,1,8.214334,0,0,
1,6,1,8.288960,1,0,
1,4,1,8.288960,0,0,
1,3,1,8.363587,0,0,
1,4,1,8.438213,1,0,
1,6,1,8.438213,0,0,
1,6,1,8.587467,1,0,
1,2,1,8.587467,0,0,
1,6,1,8.736722,0,0,
1,2,1,8.811349,0,0,
1,4,1,8.885975,1,0,
1,3,1,8.885975,0,0,
1,6,1,8.960603,0,0,
1,5,1,9.035229,1,0,
1,1,1,9.035229,0,0,
1,4,1,9.184483,1,0,
1,3,1,9.184483,0,0,
1,2,1,9.333737,0,0,
1,2,1,9.408364,0,0,
1,5,1,9.482990,1,0,
1,2,1,9.482990,0,0,
1,2,1,9.557618,0,0,
1,1,1,9.632244,1,0,
1,3,1,9.632244,0,0,
1,4,1,9.781498,0,0,
1,1,1,9.856126,0,0,
1,0,1,9.930753,0,0,
1,6,1,10.005380,0,0,
1,5,1,10.080006,1,0,
1,6,1,10.080006,0,0,
1,5,1,10.154634,0,0,
1,5,1,10.229259,1,0,
1,3,1,10.229259,0,0,
1,6,1,10.303887,0,0,
1,5,1,10.378513,1,0,
1,1,1,10.378513,0,0,
1,1,1,10.453141,0,0,
1,5,1,10.527768,0,0,
1,6,1,10.602395,0,0,
1,2,1,10.677021,1,0,
1,3,1,10.677021,0,0,
1,3,1,10.751649,0,0,
1,4,1,10.826275,1,0,
1,6,1,10.826275,0,0,
1,4,1,10.900903,0,0,
1,2,1,10.975530,0,0,
1,3,1,11.050157,0,0,
1,3,1,11.124784,0,0,
1,2,1,11.199410,0,0,
1,3,1,11.274037,0,0,
1,3,1,11.348664,0,0,
1,1,1,11.423291,0,0,
1,6,1,11.497918,0,0,
1,1,1,11.572545,0,0,
1,2,1,11.647172,0,0,
1,2,1,11.721799,0,0,
1,1,1,11.796426,0,0,
1,1,1,11.871053,0,0,
1,0,1,11.945680,0,0,
1,0,1,12.020307,0,0,
1,0,1,12.094934,0,0,
1,5,1,12.169559,1,0,
1,3,1,12.169559,0,0,
1,6,1,12.244187,0,0,
1,2,1,12.318813,1,0,
1,1,1,12.318813,0,0,
1,4,1,12.393441,0,0,
1,5,1,12.468067,1,0,
1,4,1,12.468067,0,0,
1,6,1,12.542695,0,0,
1,2,1,12.617321,1,0,
1,0,1,12.617321,0,0,
1,3,1,12.691949,0,0,
1,4,1,12.766575,1,0,
1,5,1,12.766575,0,0,
1,2,1,12.841203,0,0,
1,6,1,12.915829,1,0,
1,1,1,12.915829,0,0,
1,0,1,12.990457,0,0,
1,4,1,13.065084,1,0,
1,2,1,13.065084,0,0,
1,2,1,13.139710,0,0,
1,1,1,13.214336,0,0,
1,3,1,13.363590,1,0,
1,1,1,13.363590,0,0,
1,4,1,13.512844,1,0,
1,1,1,13.512844,0,0,
1,6,1,13.662098,1,0,
1,2,1,13.662098,0,0,
1,3,1,13.811352,1,0,
1,4,1,13.811352,0,0,
1,4,1,13.960606,1,0,
1,1,1,13.960606,0,0,
1,6,1,14.109859,1,0,
1,5,1,14.109859,0,0,
1,0,1,14.259113,1,0,
1,6,1,14.259113,0,0,
1,3,1,14.408367,1,0,
1,1,1,14.408367,0,0,
1,3,1,14.557621,1,0,
1,5,1,14.557621,0,0,
1,0,1,14.706875,1,0,
1,3,1,14.706875,0,0,
1,1,1,14.856129,1,0,
1,3,1,14.856129,0,0,
1,2,1,15.005383,1,0,
1,3,1,15.005383,0,0,
1,5,1,15.154636,1,0,
1,6,1,15.154636,0,0,
1,6,1,15.303890,1,0,
1,2,1,15.303890,0,0,
1,2,1,15.453144,1,0,
1,0,1,15.453144,0,0,
1,0,1,15.602398,1,0,
1,1,1,15.602398,0,0,
1,5,1,15.751652,1,0,
1,1,1,15.751652,0,0,
1,5,1,15.826280,0,0,
1,4,1,15.900906,1,0,
1,0,1,15.900906,0,0,
1,4,1,16.050159,1,0,
1,5,1,16.050159,0,0,
1,0,1,16.199413,1,0,
1,6,1,16.199413,0,0,
1,4,1,16.348667,1,0,
1,0,1,16.348667,0,0,
1,3,1,16.423294,0,0,
1,3,1,16.497921,1,0,
1,0,1,16.497921,0,0,
1,3,1,16.597424,0,0,
1,5,1,16.647175,0,0,
1,4,1,16.696926,0,0,
1,0,1,16.796429,1,0,
1,6,1,16.796429,0,0,
1,3,1,16.895931,0,0,
1,1,1,16.995434,0,0,
1,3,1,17.094936,1,0,
1,1,1,17.094936,0,0,
1,1,1,17.194439,0,0,
1,2,1,17.293941,0,0,
1,0,1,17.393444,1,0,
1,5,1,17.393444,0,0,
1,3,1,17.492947,0,0,
1,0,1,17.592449,0,0,
1,1,1,17.691952,1,0,
1,3,1,17.691952,0,0,
1,3,1,17.791454,0,0,
1,6,1,17.890957,0,0,
1,6,1,17.990459,0,0,
1,2,1,18.139713,1,0,
1,5,1,18.139713,0,0,
1,6,1,18.288967,1,0,
1,1,1,18.288967,0,0,
1,4,1,18.438221,1,0,
1,6,1,18.438221,0,0,
1,3,1,18.587475,1,0,
1,5,1,18.587475,0,0,
1,3,1,18.736729,1,0,
1,4,1,18.736729,0,0,
1,3,1,18.885983,1,0,
1,6,1,18.885983,0,0,
1,2,1,19.035236,1,0,
1,1,1,19.035236,0,0,
1,4,1,19.184490,1,0,
1,2,1,19.184490,0,0,
1,5,1,19.482998,1,0,
1,2,1,19.482998,0,0,
1,4,1,19.781506,1,0,
1,1,1,19.781506,0,0,
1,2,1,19.930759,1,0,
1,3,1,19.930759,0,0,
1,0,1,20.005386,0,0,
1,3,1,20.080013,1,0,
1,1,1,20.080013,0,0,
1,3,1,20.229267,1,0,
1,1,1,20.229267,0,0,
1,4,1,20.378521,1,0,
1,2,1,20.378521,0,0,
1,6,1,20.527775,1,0,
1,3,1,20.527775,0,0,
1,0,1,20.677029,1,0,
1,4,1,20.677029,0,0,
1,4,1,20.826283,1,0,
1,1,1,20.826283,0,0,
1,3,1,20.975536,1,0,
1,0,1,20.975536,0,0,
1,1,1,21.124790,1,0,
1,2,1,21.124790,0,0,
1,6,1,21.274044,1,0,
1,2,1,21.274044,0,0,
1,4,1,21.423298,1,0,
1,2,1,21.423298,0,0,
1,1,1,21.572552,1,0,
1,4,1,21.572552,0,0,
1,6,1,21.647179,0,0,
1,5,1,21.721806,1,0,
1,4,1,21.721806,0,0,
1,3,1,21.796432,0,0,
1,3,1,21.871059,1,0,
1,1,1,21.871059,0,0,
1,1,1,21.945686,0,0,
1,3,1,22.020313,1,0,
1,1,1,22.020313,0,0,
1,2,1,22.094940,0,0,
1,6,1,22.169567,1,0,
1,1,1,22.169567,0,0,
1,2,1,22.269070,0,0,
1,0,1,22.318821,0,0,
1,6,1,22.368572,0,0,
1,2,1,22.468075,1,0,
1,4,1,22.468075,0,0,
1,0,1,22.567577,0,0,
1,3,1,22.617329,0,0,
1,3,1,22.667080,0,0,
1,4,1,22.766582,0,0,
1,2,1,22.915836,1,0,
1,3,1,22.915836,0,0,
1,2,1,23.065090,1,0,
1,5,1,23.065090,0,0,
1,4,1,23.214344,1,0,
1,5,1,23.214344,0,0,
1,2,1,23.363598,1,0,
1,3,1,23.363598,0,0,
1,2,1,23.512852,1,0,
1,3,1,23.512852,0,0,
1,1,1,23.662106,1,0,
1,4,1,23.662106,0,0,
1,3,1,23.811359,1,0,
1,2,1,23.811359,0,0,
1,4,1,23.960613,1,0,
1,6,1,23.960613,0,0,
1,4,1,24.109867,1,0,
1,1,1,24.109867,0,0,
1,3,1,24.259121,1,0,
1,0,1,24.259121,0,0,
1,2,1,24.408375,1,0,
1,4,1,24.408375,0,0,
1,4,1,24.557629,1,0,
1,0,1,24.557629,0,0,
1,5,1,24.706882,1,0,
1,0,1,24.706882,0,0,
1,3,1,24.856136,1,0,
1,5,1,24.856136,0,0,
1,4,1,25.005390,1,0,
1,3,1,25.005390,0,0,
1,2,1,25.154644,1,0,
1,1,1,25.154644,0,0,
1,0,1,25.303898,0,0,
1,1,1,25.305477,0,0,
1,5,1,25.380894,0,0,
1,4,1,25.453152,0,0,
1,1,1,25.456310,0,0,
1,3,1,25.602406,0,0,
1,5,1,25.607143,0,0,
1,5,1,25.751659,0,0,
1,6,1,25.757977,0,0,
1,0,1,25.900913,0,0,
1,5,1,25.908810,0,0,
1,0,1,25.984226,0,0,
1,4,1,26.050167,0,0,
1,4,1,26.059643,0,0,
1,2,1,26.160198,0,0,
1,1,1,26.199421,0,0,
1,2,1,26.260754,0,0,
1,3,1,26.348707,1,0,
1,5,1,26.348707,0,0,
1,4,1,26.448242,0,0,
1,5,1,26.547745,0,0,
1,6,1,26.647215,1,0,
1,1,1,26.647215,0,0,
1,4,1,26.746750,0,0,
1,5,1,26.846252,0,0,
1,4,1,26.945723,1,0,
1,5,1,26.945723,0,0,
1,6,1,27.045258,0,0,
1,1,1,27.144760,0,0,
1,4,1,27.244230,1,0,
1,5,1,27.244230,0,0,
1,5,1,27.343765,0,0,
1,5,1,27.443268,0,0,
1,3,1,27.542706,0,0,
1,1,1,27.691992,1,0,
1,5,1,27.691992,0,0,
1,6,1,27.841246,1,0,
1,2,1,27.841246,0,0,
1,1,1,27.990499,1,0,
1,3,1,27.990499,0,0,
1,6,1,28.139753,1,0,
1,4,1,28.139753,0,0,
1,5,1,28.289007,1,0,
1,6,1,28.289007,0,0,
1,3,1,28.438261,1,0,
1,5,1,28.438261,0,0,
1,1,1,28.587515,1,0,
1,5,1,28.587515,0,0,
1,5,1,28.736769,1,0,
1,3,1,28.736769,0,0,
1,5,1,29.035276,1,0,
1,6,1,29.035276,0,0,
1,1,1,29.333752,0,0,
1,5,1,29.483038,1,0,
1,1,1,29.483038,0,0,
1,6,1,29.557697,0,0,
1,6,1,29.632292,1,0,
1,4,1,29.632292,0,0,
1,3,1,29.781578,0,0,
1,3,1,29.930799,1,0,
1,6,1,29.930799,0,0,
1,2,1,30.080053,1,0,
1,0,1,30.080053,0,0,
1,4,1,30.229307,1,0,
1,6,1,30.229307,0,0,
1,0,1,30.378561,1,0,
1,6,1,30.378561,0,0,
1,5,1,30.527815,1,0,
1,1,1,30.527815,0,0,
1,1,1,30.677069,1,0,
1,0,1,30.677069,0,0,
1,3,1,30.826323,1,0,
1,0,1,30.826323,0,0,
1,1,1,30.975576,1,0,
1,3,1,30.975576,0,0,
1,4,1,31.124830,1,0,
1,1,1,31.124830,0,0,
1,1,1,31.199490,0,0,
1,5,1,31.274084,1,0,
1,1,1,31.274084,0,0,
1,3,1,31.348743,0,0,
1,5,1,31.423338,1,0,
1,3,1,31.423338,0,0,
1,5,1,31.497997,0,0,
1,5,1,31.572592,1,0,
1,2,1,31.572592,0,0,
1,0,1,31.647251,0,0,
1,2,1,31.721846,1,0,
1,1,1,31.721846,0,0,
1,4,1,31.796505,0,0,
1,4,1,31.871099,1,0,
1,5,1,31.871099,0,0,
1,3,1,31.945759,0,0,
1,4,1,32.020355,1,0,
1,0,1,32.020355,0,0,
1,1,1,32.095013,0,0,
1,2,1,32.169609,1,0,
1,4,1,32.169609,0,0,
1,2,1,32.244267,0,0,
1,2,1,32.318863,1,0,
1,1,1,32.318863,0,0,
1,1,1,32.468082,0,0,
1,2,1,32.617336,0,0,
1,3,1,32.766590,0,0,
1,6,1,32.915878,1,0,
1,5,1,32.915878,0,0,
1,2,1,33.065132,1,0,
1,4,1,33.065132,0,0,
1,2,1,33.214352,0,0,
1,0,1,33.363605,0,0,
1,2,1,33.512894,1,0,
1,0,1,33.512894,0,0,
1,0,1,33.662148,1,0,
1,5,1,33.662148,0,0,
1,1,1,33.811367,0,0,
1,6,1,33.960621,0,0,
1,1,1,34.109909,1,0,
1,4,1,34.109909,0,0,
1,1,1,34.259163,1,0,
1,6,1,34.259163,0,0,
1,6,1,34.408382,0,0,
1,6,1,34.557636,0,0,
1,0,1,34.706924,1,0,
1,5,1,34.706924,0,0,
1,5,1,34.856178,1,0,
1,0,1,34.856178,0,0,
1,6,1,35.005398,0,0,
1,1,1,35.154652,0,0,
1,3,1,35.303940,1,0,
1,6,1,35.303940,0,0,
1,5,1,35.453194,1,0,
1,0,1,35.453194,0,0,
1,1,1,35.602413,0,0,
1,5,1,35.751667,0,0,
1,6,1,35.900955,1,0,
1,5,1,35.900955,0,0,
1,3,1,36.050209,1,0,
1,0,1,36.050209,0,0,
1,1,1,36.199429,0,0,
1,2,1,36.348682,0,0,
1,4,1,36.497971,1,0,
1,2,1,36.497971,0,0,
1,3,1,36.647224,1,0,
1,5,1,36.647224,0,0,
1,6,1,36.796509,0,0,
1,2,1,36.871136,0,0,
1,5,1,36.945732,1,0,
1,0,1,36.945732,0,0,
1,1,1,37.020390,0,0,
1,0,1,37.094986,1,0,
1,4,1,37.094986,0,0,
1,4,1,37.169643,0,0,
1,6,1,37.244240,1,0,
1,3,1,37.244240,0,0,
1,6,1,37.318897,0,0,
1,0,1,37.393494,1,0,
1,1,1,37.393494,0,0,
1,6,1,37.468151,0,0,
1,5,1,37.542747,1,0,
1,4,1,37.542747,0,0,
1,4,1,37.617405,0,0,
1,3,1,37.691967,0,0,
1,4,1,37.766659,0,0,
1,1,1,37.841221,0,0,
1,3,1,37.915913,0,0,
1,4,1,37.990509,1,0,
1,1,1,37.990509,0,0,
1,5,1,38.065166,0,0,
1,4,1,38.139763,1,0,
1,2,1,38.139763,0,0,
1,4,1,38.214420,0,0,
1,3,1,38.289017,1,0,
1,4,1,38.289017,0,0,
1,1,1,38.438271,1,0,
1,4,1,38.438271,0,0,
1,0,1,38.512928,0,0,
1,2,1,38.587524,1,0,
1,1,1,38.587524,0,0,
1,2,1,38.662182,0,0,
1,6,1,38.736778,1,0,
1,5,1,38.736778,0,0,
1,5,1,38.811436,0,0,
1,1,1,38.886032,1,0,
1,3,1,38.886032,0,0,
1,6,1,38.960690,0,0,
1,4,1,39.035286,1,0,
1,5,1,39.035286,0,0,
1,3,1,39.109943,0,0,
1,0,1,39.184540,1,0,
1,6,1,39.184540,0,0,
1,0,1,39.259197,0,0,
1,6,1,39.333794,1,0,
1,5,1,39.333794,0,0,
1,4,1,39.408451,0,0,
1,1,1,39.483047,1,0,
1,0,1,39.483047,0,0,
1,6,1,39.557705,0,0,
1,2,1,39.632301,1,0,
1,1,1,39.632301,0,0,
1,3,1,39.706959,0,0,
1,5,1,39.781555,1,0,
1,3,1,39.781555,0,0,
1,1,1,39.856213,0,0,
1,3,1,39.930809,1,0,
1,4,1,39.930809,0,0,
1,1,1,40.005466,0,0,
1,3,1,40.080063,1,0,
1,1,1,40.080063,0,0,
1,0,1,40.154720,0,0,
1,3,1,40.229317,1,0,
1,1,1,40.229317,0,0,
1,6,1,40.303974,0,0,
1,1,1,40.378571,1,0,
1,5,1,40.378571,0,0,
1,3,1,40.453228,0,0,
1,6,1,40.527824,1,0,
1,2,1,40.527824,0,0,
1,5,1,40.602482,0,0,
1,1,1,40.677078,1,0,
1,5,1,40.677078,0,0,
1,1,1,40.826298,0,0,
1,6,1,40.900990,0,0,
1,5,1,41.124840,1,0,
1,0,1,41.124840,0,0,
1,3,1,41.274094,1,0,
1,6,1,41.274094,0,0,
1,0,1,41.572632,0,0,
1,0,1,41.647259,0,0,
1,3,1,41.721886,0,0,
1,1,1,41.796513,0,0,
1,4,1,41.871109,1,0,
1,2,1,41.871109,0,0,
1,5,1,42.020329,0,0,
1,0,1,42.169617,1,0,
1,5,1,42.169617,0,0,
1,2,1,42.468124,1,0,
1,4,1,42.468124,0,0,
1,5,1,42.617344,0,0,
1,4,1,42.766632,1,0,
1,5,1,42.766632,0,0,
1,5,1,43.065140,1,0,
1,3,1,43.065140,0,0,
1,1,1,43.214359,0,0,
1,5,1,43.363647,1,0,
1,6,1,43.363647,0,0,
1,3,1,43.512867,0,0,
1,6,1,43.662155,1,0,
1,3,1,43.662155,0,0,
1,4,1,43.811375,0,0,
1,5,1,43.960663,1,0,
1,3,1,43.960663,0,0,
1,0,1,44.109882,0,0,
1,5,1,44.259171,1,0,
1,2,1,44.259171,0,0,
1,3,1,44.408424,1,0,
1,1,1,44.408424,0,0,
1,1,1,44.557678,1,0,
1,5,1,44.557678,0,0,
1,4,1,44.706932,1,0,
1,2,1,44.706932,0,0,
1,2,1,44.856186,1,0,
1,1,1,44.856186,0,0,
1,3,1,45.005470,0,0,
1,3,1,45.154694,1,0,
1,6,1,45.154694,0,0,
1,6,1,45.303947,1,0,
1,5,1,45.303947,0,0,
1,3,1,45.453201,1,0,
1,0,1,45.453201,0,0,
1,2,1,45.751709,1,0,
1,5,1,45.751709,0,0,
1,0,1,45.851242,0,0,
1,0,1,45.950745,0,0,
1,6,1,46.050217,1,0,
1,5,1,46.050217,0,0,
1,0,1,46.348724,1,0,
1,3,1,46.348724,0,0,
1,2,1,46.647232,1,0,
1,0,1,46.647232,0,0,
1,4,1,46.945740,1,0,
1,1,1,46.945740,0,0,
1,3,1,47.045242,1,0,
1,0,1,47.045242,0,0,
1,5,1,47.144745,1,0,
1,6,1,47.144745,0,0,
1,1,1,47.244247,1,0,
1,6,1,47.244247,0,0,
1,2,1,47.542755,1,0,
1,4,1,47.542755,0,0,
1,6,1,47.841263,1,0,
1,3,1,47.841263,0,0,
1,5,1,48.139771,1,0,
1,6,1,48.139771,0,0,
1,1,1,48.338806,0,0,
1,3,1,48.438278,1,0,
1,5,1,48.438278,0,0,
1,1,1,48.736786,1,0,
1,5,1,48.736786,0,0,
1,2,1,48.935822,0,0,
1,5,1,49.035294,1,0,
1,3,1,49.035294,0,0,
1,0,1,49.333801,1,0,
1,1,1,49.333801,0,0,
1,2,1,49.408459,0,0,
1,1,1,49.483086,0,0,
1,5,1,49.557713,0,0,
1,3,1,49.632309,1,0,
1,4,1,49.632309,0,0,
1,5,1,49.781593,0,0,
1,3,1,49.930817,1,0,
1,0,1,49.930817,0,0,
1,6,1,50.080101,0,0,
1,5,1,50.229324,1,0,
1,4,1,50.229324,0,0,
1,2,1,50.527832,1,0,
1,1,1,50.527832,0,0,
1,0,1,50.602489,0,0,
1,1,1,50.677116,0,0,
1,2,1,50.751743,0,0,
1,2,1,50.826340,1,0,
1,6,1,50.826340,0,0,
1,6,1,51.124847,1,0,
1,5,1,51.124847,0,0,
1,1,1,51.423355,1,0,
1,0,1,51.423355,0,0,
1,2,1,51.556053,0,0,
1,3,1,51.688721,0,0,
1,1,1,51.821388,0,0,
1,5,1,51.954056,0,0,
1,6,1,52.086723,0,0,
1,6,1,52.219391,0,0,
1,0,1,52.352058,0,0,
1,6,1,52.484726,0,0,
1,2,1,52.551060,0,0,
1,6,1,52.617371,1,0,
1,1,1,52.617371,0,0,
1,0,1,53.065155,0,0,
1,1,1,53.139782,0,0,
1,0,1,53.214367,0,0,
1,2,1,53.289036,0,0,
1,5,1,53.363621,0,0,
1,4,1,53.438290,0,0,
1,5,1,53.512875,0,0,
1,0,1,53.587543,0,0,
1,1,1,53.662128,0,0,
1,1,1,53.736797,0,0,
1,2,1,53.811401,1,0,
1,6,1,53.811401,0,0,
1,1,1,53.960636,0,0,
1,0,1,54.035305,0,0,
1,2,1,54.109890,0,0,
1,6,1,54.259163,1,0,
1,4,1,54.259163,0,0,
1,4,1,54.408398,0,0,
1,0,1,54.557652,0,0,
1,4,1,54.632320,0,0,
1,1,1,54.706924,1,0,
1,5,1,54.706924,0,0,
1,0,1,54.781574,0,0,
1,2,1,54.856201,0,0,
1,5,1,54.930828,0,0,
1,0,1,55.005432,1,0,
1,4,1,55.005432,0,0,
1,2,1,55.154667,0,0,
1,5,1,55.229336,0,0,
1,2,1,55.303921,0,0,
1,4,1,55.453194,1,0,
1,1,1,55.453194,0,0,
1,4,1,55.602428,0,0,
1,0,1,55.751701,1,0,
1,5,1,55.751701,0,0,
1,3,1,55.900955,1,0,
1,0,1,55.900955,0,0,
1,0,1,56.050209,1,0,
1,6,1,56.050209,0,0,
1,0,1,56.199463,1,0,
1,1,1,56.199463,0,0,
1,1,1,56.348698,0,0,
1,6,1,56.423367,0,0,
1,6,1,56.497952,0,0,
1,2,1,56.647224,1,0,
1,3,1,56.647224,0,0,
1,1,1,56.796478,1,0,
1,4,1,56.796478,0,0,
1,2,1,56.945713,0,0,
1,3,1,57.020382,0,0,
1,3,1,57.094967,0,0,
1,0,1,57.244240,1,0,
1,1,1,57.244240,0,0,
1,0,1,57.393494,1,0,
1,1,1,57.393494,0,0,
1,6,1,57.542728,0,0,
1,3,1,57.691982,0,0,
1,3,1,57.841236,0,0,
1,0,1,57.990509,1,0,
1,5,1,57.990509,0,0,
1,6,1,58.139744,0,0,
1,2,1,58.289017,1,0,
1,3,1,58.289017,0,0,
1,0,1,58.438251,0,0,
1,2,1,58.587524,1,0,
1,3,1,58.587524,0,0,
1,4,1,58.736759,0,0,
1,1,1,58.811428,0,0,
1,3,1,58.886013,0,0,
1,5,1,59.035286,1,0,
1,4,1,59.035286,0,0,
1,6,1,59.184521,0,0,
1,2,1,59.333794,1,0,
1,6,1,59.333794,0,0,
1,5,1,59.483047,1,0,
1,0,1,59.483047,0,0,
1,5,1,59.632324,0,0,
1,1,1,59.781555,1,0,
1,5,1,59.781555,0,0,
1,6,1,59.930809,1,0,
1,5,1,59.930809,0,0,
1,6,1,60.005459,0,0,
1,3,1,60.080063,1,0,
1,4,1,60.080063,0,0,
1,3,1,60.229298,0,0,
1,1,1,60.378571,1,0,
1,3,1,60.378571,0,0,
1,4,1,60.527824,1,0,
1,2,1,60.527824,0,0,
1,1,1,60.677078,1,0,
1,2,1,60.677078,0,0,
1,6,1,60.826355,0,0,
1,1,1,60.975586,1,0,
1,5,1,60.975586,0,0,
1,6,1,61.124821,0,0,
1,3,1,61.199490,0,0,
1,5,1,61.274075,0,0,
1,1,1,61.423347,1,0,
1,2,1,61.423347,0,0,
1,4,1,61.572601,1,0,
1,3,1,61.572601,0,0,
1,6,1,61.721836,0,0,
1,3,1,61.796505,0,0,
1,0,1,61.871090,0,0,
1,0,1,62.020363,1,0,
1,4,1,62.020363,0,0,
1,3,1,62.169617,1,0,
1,0,1,62.169617,0,0,
1,2,1,62.318851,0,0,
1,0,1,62.393520,0,0,
1,1,1,62.617378,1,0,
1,4,1,62.617378,0,0,
1,3,1,62.766632,1,0,
1,1,1,62.766632,0,0,
1,1,1,62.841282,0,0,
1,5,1,62.915886,1,0,
1,6,1,62.915886,0,0,
1,1,1,62.990536,0,0,
1,2,1,63.214394,1,0,
1,5,1,63.214394,0,0,
1,1,1,63.363647,1,0,
1,0,1,63.363647,0,0,
1,2,1,63.587551,0,0,
1,3,1,63.662136,0,0,
1,2,1,63.811409,1,0,
1,0,1,63.811409,0,0,
1,3,1,63.960644,0,0,
1,4,1,64.109894,0,0,
1,0,1,64.259163,1,0,
1,4,1,64.259163,0,0,
1,4,1,64.333801,0,0,
1,1,1,64.408424,0,0,
1,3,1,64.483047,0,0,
1,1,1,64.557663,1,0,
1,5,1,64.557663,0,0,
1,6,1,64.706909,0,0,
1,6,1,64.781540,0,0,
1,4,1,64.856163,0,0,
1,3,1,65.005417,1,0,
1,0,1,65.005417,0,0,
1,6,1,65.154671,0,0,
1,0,1,65.303909,1,0,
1,6,1,65.303909,0,0,
1,0,1,65.453163,1,0,
1,1,1,65.453163,0,0,
1,6,1,65.602394,0,0,
1,6,1,65.751663,1,0,
1,2,1,65.751663,0,0,
1,5,1,65.900940,0,0,
1,3,1,65.975510,0,0,
1,2,1,66.050194,0,0,
1,4,1,66.199417,1,0,
1,1,1,66.199417,0,0,
1,2,1,66.348663,1,0,
1,1,1,66.348663,0,0,
1,2,1,66.497955,0,0,
1,4,1,66.572495,0,0,
1,3,1,66.647209,0,0,
1,0,1,66.796417,1,0,
1,6,1,66.796417,0,0,
1,2,1,66.945663,1,0,
1,0,1,66.945663,0,0,
1,4,1,67.094971,0,0,
1,3,1,67.244225,0,0,
1,1,1,67.393478,0,0,
1,5,1,67.542679,1,0,
1,3,1,67.542679,0,0,
1,4,1,67.691986,0,0,
1,5,1,67.841187,1,0,
1,2,1,67.841187,0,0,
1,6,1,67.990494,0,0,
1,4,1,68.139694,1,0,
1,6,1,68.139694,0,0,
1,5,1,68.289001,0,0,
1,0,1,68.363510,0,0,
1,0,1,68.438194,1,0,
1,5,1,68.438194,0,0,
1,4,1,68.587509,0,0,
1,2,1,68.736694,1,0,
1,3,1,68.736694,0,0,
1,0,1,68.811249,0,0,
1,1,1,68.885872,0,0,
1,2,1,68.960495,0,0,
1,1,1,69.035194,1,0,
1,3,1,69.035194,0,0,
1,4,1,69.333694,1,0,
1,2,1,69.333694,0,0,
1,2,1,69.483032,0,0,
1,2,1,69.557480,0,0,
1,6,1,69.632195,1,0,
1,5,1,69.632195,0,0,
1,3,1,69.781540,0,0,
1,2,1,69.930695,1,0,
1,4,1,69.930695,0,0,
1,3,1,70.005219,0,0,
1,2,1,70.079842,0,0,
1,1,1,70.154465,0,0,
1,5,1,70.229195,1,0,
1,0,1,70.229195,0,0,
1,3,1,70.527695,1,0,
1,1,1,70.527695,0,0,
1,6,1,70.602203,0,0,
1,4,1,70.676941,1,0,
1,6,1,70.676941,0,0,
1,0,1,70.751450,0,0,
1,3,1,70.826195,1,0,
1,2,1,70.826195,0,0,
1,5,1,70.900696,0,0,
1,5,1,70.975449,1,0,
1,0,1,70.975449,0,0,
1,3,1,71.049942,0,0,
1,2,1,71.124695,1,0,
1,0,1,71.124695,0,0,
1,6,1,71.199188,0,0,
1,1,1,71.273941,1,0,
1,0,1,71.273941,0,0,
1,2,1,71.348434,0,0,
1,6,1,71.423195,1,0,
1,0,1,71.423195,0,0,
1,5,1,71.497681,0,0,
1,5,1,71.572449,1,0,
1,2,1,71.572449,0,0,
1,3,1,71.646927,0,0,
1,0,1,71.721695,1,0,
1,6,1,71.721695,0,0,
1,6,1,71.796173,0,0,
1,2,1,71.870941,1,0,
1,0,1,71.870941,0,0,
1,2,1,71.945419,0,0,
1,3,1,72.020195,1,0,
1,0,1,72.020195,0,0,
1,2,1,72.094666,0,0,
1,6,1,72.169449,1,0,
1,1,1,72.169449,0,0,
1,1,1,72.243912,0,0,
1,0,1,72.318695,1,0,
1,2,1,72.318695,0,0,
1,3,1,72.393158,0,0,
1,0,1,72.467941,1,0,
1,4,1,72.467941,0,0,
1,1,1,72.542404,0,0,
1,4,1,72.617195,1,0,
1,5,1,72.617195,0,0,
1,1,1,72.691650,0,0,
1,4,1,72.766449,1,0,
1,5,1,72.766449,0,0,
1,2,1,72.840897,0,0,
1,5,1,72.915695,1,0,
1,6,1,72.915695,0,0,
1,4,1,74.109550,0,0,
1,4,1,75.303581,0,0,
1,1,1,76.497612,0,0,
1,4,1,76.647217,0,0,
1,5,1,76.796471,0,0,
1,5,1,76.945724,0,0,
1,6,1,77.094978,0,0,
1,2,1,77.244232,0,0,
1,0,1,77.393311,1,0,
1,6,1,77.393311,0,0,
1,5,1,77.492638,0,0,
1,2,1,77.542740,0,0,
1,4,1,77.592140,0,0,
1,4,1,77.691818,1,0,
1,5,1,77.691818,0,0,
1,0,1,78.885674,0,0,
1,3,1,80.079880,1,0,
1,5,1,80.079880,0,0,
1,6,1,81.273911,1,0,
1,4,1,81.273911,0,0,
1,1,1,81.870926,1,0,
1,2,1,81.870926,0,0,
1,1,1,82.467941,1,0,
1,3,1,82.467941,0,0,
1,5,1,82.567444,1,0,
1,1,1,82.567444,0,0,
1,1,1,82.666946,1,0,
1,4,1,82.666946,0,0,
1,6,1,82.766449,1,0,
1,4,1,82.766449,0,0,
1,5,1,82.865952,1,0,
1,4,1,82.865952,0,0,
1,6,1,82.965454,1,0,
1,2,1,82.965454,0,0,
1,4,1,83.064957,1,0,
1,5,1,83.064957,0,0,
1,1,1,83.164459,1,0,
1,0,1,83.164459,0,0,
1,0,1,83.263962,1,0,
1,5,1,83.263962,0,0,
1,3,1,83.363464,1,0,
1,2,1,83.363464,0,0,
1,5,1,83.462967,1,0,
1,3,1,83.462967,0,0,
1,0,1,83.562469,1,0,
1,4,1,83.562469,0,0,
1,4,1,83.661972,1,0,
1,5,1,83.661972,0,0,
1,2,1,83.761475,1,0,
1,6,1,83.761475,0,0,
1,3,1,83.860977,1,0,
1,0,1,83.860977,0,0,
1,2,1,83.960480,1,0,
1,4,1,83.960480,0,0,
1,5,1,84.059982,1,0,
1,0,1,84.059982,0,0,
1,6,1,84.159485,1,0,
1,3,1,84.159485,0,0,
1,0,1,84.258987,1,0,
1,4,1,84.258987,0,0,
1,6,1,84.358490,1,0,
1,4,1,84.358490,0,0,
1,5,1,84.457993,1,0,
1,6,1,84.457993,0,0,
1,5,1,84.557495,1,0,
1,1,1,84.557495,0,0,
1,1,1,84.656998,1,0,
1,3,1,84.656998,0,0,
1,3,1,84.756500,1,0,
1,5,1,84.756500,0,0,
1,5,1,84.856003,1,0,
1,4,1,84.856003,0,0,
1,1,1,84.955505,1,0,
1,6,1,84.955505,0,0,
1,0,1,85.055008,1,0,
1,4,1,85.055008,0,0,
1,3,1,85.154510,1,0,
1,4,1,85.154510,0,0,
1,5,1,85.254013,1,0,
1,1,1,85.254013,0,0,
1,3,1,85.353516,1,0,
1,5,1,85.353516,0,0,
1,0,1,85.453018,1,0,
1,6,1,85.453018,0,0,
1,3,1,85.552521,1,0,
1,0,1,85.552521,0,0,
1,1,1,85.652023,1,0,
1,4,1,85.652023,0,0,
1,4,1,85.751526,1,0,
1,5,1,85.751526,0,0,
1,0,1,85.851028,1,0,
1,5,1,85.851028,0,0,
1,2,1,85.950531,1,0,
1,0,1,85.950531,0,0,
1,2,1,86.050034,1,0,
1,6,1,86.050034,0,0,
1,1,1,86.149529,1,0,
1,2,1,86.149529,0,0,
1,4,1,86.249023,1,0,
1,2,1,86.249023,0,0,
1,1,1,86.348518,1,0,
1,4,1,86.348518,0,0,
1,6,1,86.448013,1,0,
1,0,1,86.448013,0,0,
1,6,1,86.547508,1,0,
1,0,1,86.547508,0,0,
1,5,1,86.647003,1,0,
1,3,1,86.647003,0,0,
1,3,1,86.721397,0,0,
1,4,1,86.796013,0,0,
1,3,1,86.870628,0,0,
1,6,1,86.945488,1,0,
1,1,1,86.945488,0,0,
1,6,1,87.019859,0,0,
1,4,1,87.094475,0,0,
1,2,1,87.169090,0,0,
1,1,1,87.243973,1,0,
1,2,1,87.243973,0,0,
1,2,1,87.542747,0,0,
1,5,1,87.641716,0,0,
1,3,1,87.741219,0,0,
1,4,1,87.840988,1,0,
1,6,1,87.840988,0,0,
1,6,1,87.940224,0,0,
1,4,1,88.039726,0,0,
1,5,1,88.139496,1,0,
1,2,1,88.139496,0,0,
1,1,1,88.238731,0,0,
1,2,1,88.288483,0,0,
1,6,1,88.338234,0,0,
1,6,1,88.438004,1,0,
1,1,1,88.438004,0,0,
1,1,1,88.512360,0,0,
1,5,1,88.586983,0,0,
1,6,1,88.661606,0,0,
1,0,1,88.736504,1,0,
1,2,1,88.736504,0,0,
1,3,1,88.810852,0,0,
1,6,1,88.885475,0,0,
1,4,1,88.960098,0,0,
1,3,1,89.035004,1,0,
1,5,1,89.035004,0,0,
1,4,1,89.109344,0,0,
1,6,1,89.183968,0,0,
1,4,1,89.258591,0,0,
1,1,1,89.333504,1,0,
1,2,1,89.333504,0,0,
1,5,1,89.407837,0,0,
1,1,1,89.482460,0,0,
1,2,1,89.557083,0,0,
1,3,1,89.632004,1,0,
1,5,1,89.632004,0,0,
1,2,1,89.706329,0,0,
1,2,1,89.780952,0,0,
1,6,1,89.855576,0,0,
1,1,1,89.930199,0,0,
1,6,1,90.004822,0,0,
1,3,1,90.079445,0,0,
1,6,1,90.154068,0,0,
1,5,1,90.228691,0,0,
1,2,1,90.303314,0,0,
1,3,1,90.377937,0,0,
1,2,1,90.452560,0,0,
1,4,1,90.527184,0,0,
1,2,1,90.601807,0,0,
1,1,1,90.676430,0,0,
1,3,1,90.751053,0,0,
1,2,1,90.826004,1,0,
1,3,1,90.826004,0,0,
1,6,1,91.273415,0,0,
1,4,1,91.348038,0,0,
1,1,1,91.423347,0,0,
1,4,1,91.497284,0,0,
1,0,1,91.572601,0,0,
1,6,1,91.646530,0,0,
1,4,1,91.721855,0,0,
1,1,1,91.795776,0,0,
1,1,1,91.871109,0,0,
1,2,1,91.945023,0,0,
1,5,1,92.020363,0,0,
1,4,1,92.169617,0,0,
1,1,1,92.468124,0,0,
1,0,1,92.617378,0,0,
1,2,1,92.766632,0,0,
1,2,1,92.915123,0,0,
1,1,1,92.989746,0,0,
1,1,1,93.064758,1,0,
1,6,1,93.064758,0,0,
1,3,1,93.138992,0,0,
1,4,1,93.214005,1,0,
1,5,1,93.214005,0,0,
1,1,1,93.363647,0,0,
1,5,1,93.437485,0,0,
1,1,1,93.512901,0,0,
1,0,1,93.661758,1,0,
1,3,1,93.661758,0,0,
1,0,1,93.811409,0,0,
1,4,1,93.960663,0,0,
1,5,1,94.034470,0,0,
1,3,1,94.109505,1,0,
1,5,1,94.109505,0,0,
1,3,1,94.183716,0,0,
1,5,1,94.258339,0,0,
1,1,1,94.332962,0,0,
1,5,1,94.408005,1,0,
1,1,1,94.408005,0,0,
1,5,1,94.557678,0,0,
1,0,1,94.631454,0,0,
1,1,1,94.706932,0,0,
1,3,1,94.855759,1,0,
1,4,1,94.855759,0,0,
1,2,1,95.005440,0,0,
1,0,1,95.154251,1,0,
1,1,1,95.154251,0,0,
1,4,1,95.303505,1,0,
1,0,1,95.303505,0,0,
1,2,1,95.452759,1,0,
1,3,1,95.452759,0,0,
1,1,1,95.602005,1,0,
1,0,1,95.602005,0,0,
1,1,1,95.751709,0,0,
1,4,1,95.825424,0,0,
1,1,1,95.900963,0,0,
1,2,1,96.049759,1,0,
1,6,1,96.049759,0,0,
1,2,1,96.199005,1,0,
1,1,1,96.199005,0,0,
1,4,1,96.348724,0,0,
1,6,1,96.422409,0,0,
1,5,1,96.497978,0,0,
1,0,1,96.646759,1,0,
1,2,1,96.646759,0,0,
1,5,1,96.796005,1,0,
1,4,1,96.796005,0,0,
1,2,1,96.945740,0,0,
1,3,1,97.094994,0,0,
1,1,1,97.244247,0,0,
1,1,1,97.393021,1,0,
1,4,1,97.393021,0,0,
1,3,1,97.542755,0,0,
1,5,1,97.691528,1,0,
1,6,1,97.691528,0,0,
1,4,1,97.841263,0,0,
1,1,1,97.990036,1,0,
1,0,1,97.990036,0,0,
1,2,1,98.139771,0,0,
1,5,1,98.213425,0,0,
1,2,1,98.289024,0,0,
1,4,1,98.437790,1,0,
1,2,1,98.437790,0,0,
1,0,1,98.587532,0,0,
1,4,1,98.736282,1,0,
1,2,1,98.736282,0,0,
1,1,1,98.885033,0,0,
1,5,1,98.886040,0,0,
1,1,1,99.034279,0,0,
1,6,1,99.183525,0,0,
1,2,1,99.184547,0,0,
1,4,1,99.332771,0,0,
1,2,1,99.333801,0,0,
1,0,1,99.407394,0,0,
1,4,1,99.482018,0,0,
1,0,1,99.483055,0,0,
1,6,1,99.632309,0,0,
1,5,1,99.780510,0,0,
1,1,1,99.781563,0,0,
1,1,1,99.929756,0,0,
1,5,1,99.930817,0,0,
1,1,1,100.079002,0,0,
1,2,1,100.080070,0,0,
1,1,1,100.228249,0,0,
1,2,1,100.377495,0,0,
1,4,1,100.378578,0,0,
1,0,1,100.527832,0,0,
1,6,1,100.601364,0,0,
1,0,1,100.677086,0,0,
1,5,1,100.825233,0,0,
1,0,1,100.826340,0,0,
1,2,1,100.974480,0,0,
1,4,1,100.975594,0,0,
1,2,1,101.124847,0,0,
1,2,1,101.198349,0,0,
1,2,1,101.274101,0,0,
1,6,1,101.422218,0,0,
1,0,1,101.423355,0,0,
1,6,1,101.571465,0,0,
1,0,1,101.572609,0,0,
1,0,1,101.721863,0,0,
1,6,1,101.795334,0,0,
1,5,1,101.871117,0,0,
1,4,1,102.019203,0,0,
1,1,1,102.020370,0,0,
1,4,1,102.168449,0,0,
1,4,1,102.169624,0,0,
1,3,1,102.318878,0,0,
1,3,1,102.466942,0,0,
1,2,1,102.541565,0,0,
1,4,1,102.616188,0,0,
1,3,1,102.617386,0,0,
1,1,1,102.690811,0,0,
1,4,1,102.765434,0,0,
1,2,1,102.766640,0,0,
1,0,1,102.989304,0,0,
1,4,1,103.065147,0,0,
1,4,1,103.213173,0,0,
1,1,1,103.363655,0,0,
1,5,1,103.660912,0,0,
1,6,1,103.662163,0,0,
1,1,1,103.735535,0,0,
1,6,1,103.810158,0,0,
1,1,1,103.884781,0,0,
1,0,1,103.959404,0,0,
1,1,1,103.960670,0,0,
1,5,1,104.183273,0,0,
1,4,1,104.259178,0,0,
1,1,1,104.407143,0,0,
1,4,1,104.557686,0,0,
1,0,1,104.705635,0,0,
1,3,1,104.854881,0,0,
1,3,1,104.856194,0,0,
1,5,1,105.004128,0,0,
1,0,1,105.153374,0,0,
1,1,1,105.154701,0,0,
1,4,1,105.303955,0,0,
1,6,1,105.377243,0,0,
1,0,1,105.453209,0,0,
1,3,1,105.601112,0,0,
1,2,1,105.602463,0,0,
1,1,1,105.750359,0,0,
1,0,1,105.751717,0,0,
1,3,1,105.900970,0,0,
1,2,1,105.974228,0,0,
1,2,1,106.050224,0,0,
1,1,1,106.198097,0,0,
1,2,1,106.347343,0,0,
1,2,1,106.348732,0,0,
1,2,1,106.497986,0,0,
1,5,1,106.647240,0,0,
1,5,1,106.796494,0,0,
1,3,1,106.944359,0,0,
1,0,1,106.945747,0,0,
1,2,1,107.242867,0,0,
1,4,1,107.244255,0,0,
1,6,1,107.541374,0,0,
1,3,1,107.542763,0,0,
1,4,1,107.692017,0,0,
1,6,1,107.765244,0,0,
1,3,1,107.839867,0,0,
1,2,1,107.841270,0,0,
1,1,1,107.990524,0,0,
1,1,1,108.138359,0,0,
1,4,1,108.139778,0,0,
1,4,1,108.212982,0,0,
1,6,1,108.287605,0,0,
1,5,1,108.362228,0,0,
1,6,1,108.436852,0,0,
1,5,1,108.438286,0,0,
1,5,1,108.735344,0,0,
1,6,1,108.736794,0,0,
1,3,1,108.886047,0,0,
1,1,1,108.959213,0,0,
1,3,1,109.033836,0,0,
1,6,1,109.035301,0,0,
1,4,1,109.184555,0,0,
1,4,1,109.332329,0,0,
1,4,1,109.333809,0,0,
1,2,1,109.406952,0,0,
1,6,1,109.481575,0,0,
1,6,1,109.556198,0,0,
1,5,1,109.630821,0,0,
1,5,1,109.632317,0,0,
1,3,1,109.929314,0,0,
1,6,1,109.930824,0,0,
1,0,1,110.003937,0,0,
1,1,1,110.078560,0,0,
1,4,1,110.080078,0,0,
1,6,1,110.153183,0,0,
1,3,1,110.227806,0,0,
1,0,1,110.229332,0,0,
1,0,1,110.302429,0,0,
1,5,1,110.377052,0,0,
1,5,1,110.378586,0,0,
1,0,1,110.451675,0,0,
1,2,1,110.526299,0,0,
1,5,1,110.527840,0,0,
1,3,1,110.600922,0,0,
1,4,1,110.675545,0,0,
1,1,1,110.677094,0,0,
1,0,1,110.750168,0,0,
1,0,1,110.824791,0,0,
1,6,1,110.826347,0,0,
1,3,1,110.899414,0,0,
1,3,1,110.974037,0,0,
1,1,1,110.975601,0,0,
1,5,1,111.048660,0,0,
1,5,1,111.123283,0,0,
1,4,1,111.124855,0,0,
1,5,1,111.222786,0,0,
1,2,1,111.224358,0,0,
1,6,1,111.322289,0,0,
1,1,1,111.323860,0,0,
1,0,1,111.421791,0,0,
1,1,1,111.423363,0,0,
1,4,1,111.521294,0,0,
1,4,1,111.522865,0,0,
1,1,1,111.620796,0,0,
1,4,1,111.622368,0,0,
1,4,1,111.720299,0,0,
1,4,1,111.721870,0,0,
1,1,1,111.819801,0,0,
1,3,1,111.821373,0,0,
1,3,1,111.919304,0,0,
1,5,1,111.920876,0,0,
1,6,1,112.018806,0,0,
1,5,1,112.020378,0,0,
1,1,1,112.118309,0,0,
1,1,1,112.119881,0,0,
1,3,1,112.217812,0,0,
1,5,1,112.219383,0,0,
1,1,1,112.317314,0,0,
1,0,1,112.318886,0,0,
1,3,1,114.705376,0,0,
1,1,1,114.706947,0,0,
1,2,1,117.093437,0,0,
-1,0,0,0,0,0,