0,0.15,0,0,0,0,
1,4,1,0.363333,0,0,
1,1,1,0.896667,1,0,
1,0,1,0.896667,0,0,
1,4,1,0.963333,0,0,
1,1,1,1.030000,0,0,
1,0,1,1.096667,0,0,
1,0,1,1.163334,0,0,
1,5,1,1.230000,0,0,
1,5,1,1.296667,1,0,
1,0,1,1.296667,0,0,
1,5,1,1.363334,0,0,
1,4,1,1.430000,0,0,
1,2,1,1.496667,0,0,
1,6,1,1.563334,0,0,
1,4,1,1.630001,0,0,
1,6,1,1.696667,1,0,
1,5,1,1.696667,0,0,
1,5,1,1.830001,0,0,
1,1,1,1.963334,0,0,
1,1,1,2.030001,0,0,
1,0,1,2.096668,1,0,
1,6,1,2.096668,0,0,
1,5,1,2.163334,0,0,
1,3,1,2.230000,1,0,
1,0,1,2.230000,0,0,
1,6,1,2.296667,0,0,
1,1,1,2.363334,1,0,
1,0,1,2.363334,0,0,
1,1,1,2.430001,0,0,
1,5,1,2.496667,1,0,
1,6,1,2.496667,0,0,
1,3,1,2.563334,0,0,
1,4,1,2.630000,0,0,
1,3,1,2.696667,0,0,
1,4,1,2.763334,1,0,
1,6,1,2.763334,0,0,
1,1,1,3.030000,1,0,
1,5,1,3.030000,0,0,
1,2,1,3.096667,0,0,
1,6,1,3.163333,0,0,
1,6,1,3.230000,0,0,
1,1,1,3.296666,0,0,
1,5,1,3.363333,0,0,
1,1,1,3.430001,1,0,
1,6,1,3.430001,0,0,
1,5,1,3.496666,0,0,
1,0,1,3.563333,0,0,
1,5,1,3.629999,0,0,
1,4,1,3.696666,0,0,
1,0,1,3.763333,0,0,
1,1,1,3.830000,1,0,
1,0,1,3.830000,0,0,
1,4,1,3.963332,0,0,
1,0,1,4.096666,0,0,
1,1,1,4.163332,0,0,
1,1,1,4.230000,1,0,
1,6,1,4.230000,0,0,
1,1,1,4.296666,0,0,
1,0,1,4.363334,1,0,
1,4,1,4.363334,0,0,
1,2,1,4.429999,0,0,
1,3,1,4.496666,1,0,
1,1,1,4.496666,0,0,
1,4,1,4.563332,0,0,
1,3,1,4.630000,1,0,
1,5,1,4.630000,0,0,
1,3,1,4.696665,0,0,
1,6,1,4.763332,0,0,
1,6,1,4.829998,0,0,
1,0,1,4.896666,1,0,
1,3,1,4.896666,0,0,
1,5,1,5.163333,1,0,
1,3,1,5.163333,0,0,
1,0,1,5.229998,0,0,
1,0,1,5.296665,0,0,
1,0,1,5.363331,0,0,
1,3,1,5.429999,1,0,
1,0,1,5.429999,0,0,
1,6,1,5.496665,0,0,
1,4,1,5.563331,0,0,
1,4,1,5.629998,0,0,
1,1,1,5.696666,1,0,
1,2,1,5.696666,0,0,
1,0,1,5.763331,0,0,
1,2,1,5.829998,0,0,
1,1,1,5.896664,0,0,
1,0,1,5.963332,1,0,
1,6,1,5.963332,0,0,
1,2,1,6.096665,1,0,
1,0,1,6.096665,0,0,
1,5,1,6.229999,1,0,
1,2,1,6.229999,0,0,
1,6,1,6.296664,0,0,
1,1,1,6.363330,0,0,
1,3,1,6.429997,0,0,
1,6,1,6.496665,1,0,
1,0,1,6.496665,0,0,
1,6,1,6.563330,0,0,
1,4,1,6.629997,0,0,
1,3,1,6.696663,0,0,
1,1,1,6.763331,1,0,
1,5,1,6.763331,0,0,
1,3,1,6.829997,0,0,
1,1,1,6.896663,0,0,
1,5,1,6.963330,0,0,
1,3,1,7.029997,1,0,
1,1,1,7.029997,0,0,
1,4,1,7.163331,1,0,
1,5,1,7.163331,0,0,
1,0,1,7.296664,1,0,
1,6,1,7.296664,0,0,
1,3,1,7.363329,0,0,
1,3,1,7.429996,0,0,
1,4,1,7.496663,0,0,
1,6,1,7.563331,1,0,
1,0,1,7.563331,0,0,
1,4,1,7.696663,1,0,
1,1,1,7.696663,0,0,
1,0,1,7.829997,1,0,
1,1,1,7.829997,0,0,
1,2,1,7.896662,0,0,
1,6,1,7.963329,0,0,
1,3,1,8.029996,0,0,
1,2,1,8.096664,1,0,
1,4,1,8.096664,0,0,
1,3,1,8.229997,1,0,
1,4,1,8.229997,0,0,
1,2,1,8.363330,1,0,
1,1,1,8.363330,0,0,
1,1,1,8.429996,0,0,
1,5,1,8.496662,0,0,
1,0,1,8.563329,0,0,
1,4,1,8.629996,1,0,
1,5,1,8.629996,0,0,
1,6,1,8.696662,0,0,
1,3,1,8.763329,0,0,
1,4,1,8.829995,0,0,
1,3,1,8.896663,1,0,
1,5,1,8.896663,0,0,
1,2,1,8.963328,0,0,
1,6,1,9.029995,0,0,
1,6,1,9.096662,0,0,
1,6,1,9.163329,1,0,
1,5,1,9.163329,0,0,
1,2,1,9.229995,0,0,
1,2,1,9.296661,0,0,
1,5,1,9.363328,0,0,
1,6,1,9.429995,0,0,
1,1,1,9.496661,0,0,
1,6,1,9.563328,0,0,
1,5,1,9.629994,0,0,
1,6,1,9.696661,0,0,
1,4,1,9.763328,0,0,
1,2,1,9.829994,0,0,
1,0,1,9.896661,0,0,
1,6,1,9.963327,0,0,
1,4,1,10.029994,0,0,
1,6,1,10.096661,0,0,
1,5,1,10.163327,0,0,
1,5,1,10.229994,0,0,
1,5,1,10.296660,0,0,
1,2,1,10.363327,0,0,
1,0,1,10.429994,0,0,
1,5,1,10.496660,0,0,
1,0,1,10.563327,0,0,
1,2,1,10.629993,0,0,
1,2,1,10.696660,0,0,
1,6,1,10.763327,0,0,
1,5,1,10.829993,0,0,
1,5,1,10.896660,0,0,
1,5,1,10.963326,0,0,
1,5,1,11.029995,1,0,
1,4,1,11.029995,0,0,
1,5,1,11.163328,1,0,
1,1,1,11.163328,0,0,
1,3,1,11.296661,1,0,
1,1,1,11.296661,0,0,
1,1,1,11.429995,1,0,
1,0,1,11.429995,0,0,
1,1,1,11.563328,1,0,
1,3,1,11.563328,0,0,
1,3,1,11.629992,0,0,
1,2,1,11.696659,0,0,
1,0,1,11.763326,0,0,
1,2,1,11.829992,0,0,
1,3,1,11.896659,0,0,
1,0,1,11.963326,0,0,
1,2,1,12.029992,0,0,
1,2,1,12.096659,0,0,
1,0,1,12.163325,0,0,
1,1,1,12.229992,0,0,
1,2,1,12.296659,0,0,
1,6,1,12.363325,0,0,
1,0,1,12.496658,0,0,
1,5,1,12.629993,1,0,
1,1,1,12.629993,0,0,
1,6,1,12.696658,0,0,
1,5,1,12.763325,0,0,
1,4,1,12.829991,0,0,
1,0,1,12.896658,0,0,
1,1,1,12.963325,0,0,
1,1,1,13.029991,0,0,
1,4,1,13.096658,0,0,
1,5,1,13.163324,0,0,
1,1,1,13.229991,0,0,
1,4,1,13.296658,0,0,
1,3,1,13.363324,0,0,
1,1,1,13.429991,0,0,
1,0,1,13.496657,0,0,
1,4,1,13.563324,0,0,
1,4,1,13.629991,0,0,
1,2,1,13.696659,1,0,
1,4,1,13.696659,0,0,
1,2,1,13.763324,0,0,
1,0,1,13.829990,0,0,
1,2,1,13.896657,0,0,
1,5,1,13.963324,0,0,
1,1,1,14.029990,0,0,
1,0,1,14.096657,0,0,
1,4,1,14.163323,0,0,
1,1,1,14.229993,1,0,
1,0,1,14.229993,0,0,
1,5,1,14.296657,0,0,
1,0,1,14.363323,0,0,
1,2,1,14.496656,0,0,
1,2,1,14.629990,0,0,
1,3,1,14.763327,1,0,
1,1,1,14.763327,0,0,
1,2,1,14.829990,0,0,
1,3,1,14.896658,0,0,
1,4,1,14.963326,0,0,
1,2,1,15.029993,0,0,
1,5,1,15.118883,0,0,
1,0,1,15.207773,0,0,
1,5,1,15.296663,1,0,
1,2,1,15.296663,0,0,
1,4,1,15.363331,0,0,
1,5,1,15.429998,0,0,
1,1,1,15.496666,0,0,
1,1,1,15.563334,0,0,
1,2,1,15.630001,0,0,
1,4,1,15.696669,0,0,
1,0,1,15.763336,0,0,
1,1,1,15.830000,1,0,
1,4,1,15.830000,0,0,
1,4,1,15.896670,0,0,
1,0,1,15.963337,0,0,
1,6,1,16.030005,0,0,
1,4,1,16.096672,0,0,
1,4,1,16.163340,0,0,
1,5,1,16.230007,0,0,
1,1,1,16.296675,0,0,
1,5,1,16.363342,0,0,
1,2,1,16.430010,0,0,
1,1,1,16.496677,0,0,
1,3,1,16.563345,0,0,
1,2,1,16.630013,0,0,
1,2,1,16.696680,0,0,
1,0,1,16.763348,0,0,
1,4,1,16.830015,0,0,
1,4,1,16.896673,1,0,
1,3,1,16.896673,0,0,
1,4,1,16.963350,0,0,
1,0,1,17.030018,0,0,
1,6,1,17.096685,0,0,
1,2,1,17.163353,0,0,
1,4,1,17.230021,0,0,
1,5,1,17.296688,0,0,
1,6,1,17.363356,0,0,
1,2,1,17.430010,1,0,
1,3,1,17.430010,0,0,
1,0,1,17.496691,0,0,
1,1,1,17.563358,0,0,
1,3,1,17.630026,0,0,
1,3,1,17.696693,0,0,
1,5,1,17.763361,0,0,
1,1,1,17.830029,0,0,
1,1,1,17.896696,0,0,
1,4,1,17.963346,1,0,
1,2,1,17.963346,0,0,
1,1,1,18.030031,0,0,
1,2,1,18.096699,0,0,
1,2,1,18.163366,0,0,
1,2,1,18.230034,0,0,
1,1,1,18.296701,0,0,
1,5,1,18.363369,0,0,
1,0,1,18.430037,0,0,
1,2,1,18.496704,0,0,
1,2,1,18.563372,0,0,
1,6,1,18.630039,0,0,
1,4,1,18.696707,0,0,
1,5,1,18.763374,0,0,
1,6,1,18.830042,0,0,
1,5,1,18.896709,0,0,
1,2,1,18.963377,0,0,
1,4,1,19.030022,1,0,
1,0,1,19.030022,0,0,
1,0,1,19.096712,0,0,
1,2,1,19.163380,0,0,
1,1,1,19.230047,0,0,
1,6,1,19.296715,0,0,
1,2,1,19.363382,0,0,
1,6,1,19.430050,0,0,
1,4,1,19.496717,0,0,
1,2,1,19.563385,0,0,
1,5,1,19.630053,0,0,
1,3,1,19.696720,0,0,
1,4,1,19.763388,0,0,
1,0,1,19.830055,0,0,
1,3,1,19.896723,0,0,
1,0,1,19.963390,0,0,
1,0,1,20.030058,0,0,
1,6,1,20.096695,1,0,
1,2,1,20.096695,0,0,
1,6,1,20.163393,0,0,
1,6,1,20.230061,0,0,
1,1,1,20.296728,0,0,
1,4,1,20.363396,0,0,
1,4,1,20.430063,0,0,
1,2,1,20.496731,0,0,
1,1,1,20.563398,0,0,
1,2,1,20.630032,1,0,
1,5,1,20.630032,0,0,
1,0,1,20.696733,0,0,
1,3,1,20.763401,0,0,
1,3,1,20.830069,0,0,
1,1,1,20.896736,0,0,
1,4,1,21.030071,0,0,
1,3,1,21.163368,1,0,
1,6,1,21.163368,0,0,
1,0,1,21.230074,0,0,
1,6,1,21.296741,0,0,
1,6,1,21.363409,0,0,
1,4,1,21.430077,0,0,
1,6,1,21.496744,0,0,
1,4,1,21.563412,0,0,
1,3,1,21.630079,0,0,
1,4,1,21.696705,1,0,
1,3,1,21.696705,0,0,
1,2,1,21.763414,0,0,
1,6,1,21.830082,0,0,
1,3,1,21.896749,0,0,
1,2,1,21.963417,0,0,
1,4,1,22.030085,0,0,
1,1,1,22.096752,0,0,
1,3,1,22.163420,0,0,
1,0,1,22.230042,1,0,
1,5,1,22.230042,0,0,
1,3,1,22.296755,0,0,
1,6,1,22.363422,0,0,
1,5,1,22.430090,0,0,
1,2,1,22.496758,0,0,
1,3,1,22.563425,0,0,
1,3,1,22.630093,0,0,
1,1,1,22.696760,0,0,
1,6,1,22.763378,1,0,
1,3,1,22.763378,0,0,
1,3,1,22.830095,0,0,
1,0,1,22.896763,0,0,
1,1,1,23.030098,0,0,
1,3,1,23.163433,0,0,
1,1,1,23.296715,1,0,
1,0,1,23.296715,0,0,
1,2,1,23.363436,0,0,
1,1,1,23.430103,0,0,
1,0,1,23.496771,0,0,
1,3,1,23.563438,0,0,
1,5,1,23.652328,0,0,
1,5,1,23.741219,0,0,
1,3,1,23.830051,1,0,
1,4,1,23.830051,0,0,
1,6,1,23.896776,0,0,
1,5,1,23.963444,0,0,
1,1,1,24.030111,0,0,
1,5,1,24.096779,0,0,
1,0,1,24.163446,0,0,
1,3,1,24.230114,0,0,
1,0,1,24.296782,0,0,
1,3,1,24.363388,1,0,
1,2,1,24.363388,0,0,
1,0,1,24.430117,0,0,
1,2,1,24.496784,0,0,
1,6,1,24.563452,0,0,
1,5,1,24.630056,1,0,
1,0,1,24.630056,0,0,
1,1,1,24.696787,0,0,
1,2,1,24.763454,0,0,
1,4,1,24.830122,0,0,
1,3,1,24.896725,1,0,
1,1,1,24.896725,0,0,
1,2,1,24.963457,0,0,
1,6,1,25.030125,0,0,
1,3,1,25.096792,0,0,
1,1,1,25.163393,1,0,
1,2,1,25.163393,0,0,
1,2,1,25.230127,0,0,
1,0,1,25.296795,0,0,
1,5,1,25.363462,0,0,
1,2,1,25.430061,1,0,
1,4,1,25.430061,0,0,
1,0,1,25.496798,0,0,
1,6,1,25.563465,0,0,
1,0,1,25.630133,0,0,
1,0,1,25.696730,1,0,
1,5,1,25.696730,0,0,
1,1,1,25.763468,0,0,
1,0,1,25.830135,0,0,
1,5,1,25.896803,0,0,
1,6,1,25.963398,1,0,
1,4,1,25.963398,0,0,
1,0,1,26.030138,0,0,
1,4,1,26.096806,0,0,
1,1,1,26.163473,0,0,
1,6,1,26.230066,1,0,
1,2,1,26.230066,0,0,
1,4,1,26.296808,0,0,
1,5,1,26.363476,0,0,
1,3,1,26.430143,0,0,
1,1,1,26.496735,1,0,
1,3,1,26.496735,0,0,
1,3,1,26.563478,0,0,
1,6,1,26.630070,1,0,
1,4,1,26.630070,0,0,
1,4,1,26.696814,0,0,
1,0,1,26.763403,1,0,
1,2,1,26.763403,0,0,
1,3,1,26.830149,0,0,
1,5,1,26.896736,1,0,
1,3,1,26.896736,0,0,
1,4,1,26.963484,0,0,
1,5,1,27.030071,1,0,
1,4,1,27.030071,0,0,
1,3,1,27.096819,0,0,
1,6,1,27.163406,1,0,
1,3,1,27.163406,0,0,
1,2,1,27.230154,0,0,
1,3,1,27.296740,1,0,
1,0,1,27.296740,0,0,
1,2,1,27.363489,0,0,
1,6,1,27.430073,1,0,
1,4,1,27.430073,0,0,
1,4,1,27.496824,0,0,
1,6,1,27.563408,1,0,
1,2,1,27.563408,0,0,
1,6,1,27.630159,0,0,
1,3,1,27.696743,1,0,
1,5,1,27.696743,0,0,
1,2,1,27.763494,0,0,
1,3,1,27.830076,1,0,
1,0,1,27.830076,0,0,
1,2,1,27.896830,0,0,
1,3,1,27.963409,1,0,
1,5,1,27.963409,0,0,
1,4,1,28.030165,0,0,
1,1,1,28.096745,1,0,
1,3,1,28.096745,0,0,
1,4,1,28.163500,0,0,
1,6,1,28.230080,1,0,
1,1,1,28.230080,0,0,
1,6,1,28.296835,0,0,
1,1,1,28.363413,1,0,
1,3,1,28.363413,0,0,
1,1,1,28.430170,0,0,
1,1,1,28.496746,1,0,
1,2,1,28.496746,0,0,
1,4,1,28.563505,0,0,
1,5,1,28.630081,1,0,
1,0,1,28.630081,0,0,
1,4,1,28.696840,0,0,
1,1,1,28.763416,1,0,
1,6,1,28.763416,0,0,
1,0,1,28.830175,0,0,
1,3,1,28.896751,1,0,
1,5,1,28.896751,0,0,
1,4,1,28.963511,0,0,
1,4,1,29.030087,1,0,
1,6,1,29.030087,0,0,
1,4,1,29.096846,0,0,
1,2,1,29.163513,0,0,
1,3,1,29.230181,0,0,
1,6,1,29.296665,0,0,
1,2,1,29.430000,0,0,
1,3,1,29.496668,0,0,
1,2,1,29.563335,0,0,
1,0,1,29.630003,0,0,
1,6,1,29.696762,1,0,
1,0,1,29.696762,0,0,
1,1,1,29.763521,0,0,
1,2,1,29.830097,1,0,
1,1,1,29.830097,0,0,
1,2,1,29.896856,0,0,
1,1,1,29.963430,1,0,
1,0,1,29.963430,0,0,
1,1,1,30.030191,0,0,
1,6,1,30.096764,1,0,
1,1,1,30.096764,0,0,
1,0,1,30.163527,0,0,
1,2,1,30.230099,1,0,
1,0,1,30.230099,0,0,
1,5,1,30.296862,0,0,
1,0,1,30.363434,1,0,
1,4,1,30.363434,0,0,
1,6,1,30.430197,0,0,
1,3,1,30.496767,1,0,
1,1,1,30.496767,0,0,
1,1,1,30.630100,1,0,
1,5,1,30.630100,0,0,
1,2,1,30.696867,0,0,
1,4,1,30.763435,1,0,
1,5,1,30.763435,0,0,
1,0,1,30.896669,0,0,
1,4,1,30.963537,0,0,
1,2,1,31.030104,1,0,
1,4,1,31.030104,0,0,
1,2,1,31.163336,0,0,
1,2,1,31.230207,0,0,
1,5,1,31.296772,1,0,
1,0,1,31.296772,0,0,
1,0,1,31.430002,0,0,
1,4,1,31.496878,0,0,
1,6,1,31.563440,1,0,
1,4,1,31.563440,0,0,
1,3,1,31.696669,0,0,
1,1,1,31.763548,0,0,
1,6,1,31.830109,1,0,
1,1,1,31.830109,0,0,
1,5,1,31.963440,1,0,
1,3,1,31.963440,0,0,
1,5,1,32.030212,0,0,
1,2,1,32.096771,1,0,
1,6,1,32.096771,0,0,
1,6,1,32.163544,0,0,
1,0,1,32.230106,1,0,
1,5,1,32.230106,0,0,
1,0,1,32.296875,0,0,
1,6,1,32.363441,1,0,
1,4,1,32.363441,0,0,
1,2,1,32.496773,1,0,
1,3,1,32.496773,0,0,
1,3,1,32.630104,1,0,
1,6,1,32.630104,0,0,
1,3,1,32.663536,0,0,
1,1,1,32.696869,0,0,
1,0,1,32.730202,0,0,
1,1,1,32.763344,0,0,
1,5,1,32.896679,0,0,
1,6,1,32.963528,0,0,
1,1,1,33.030102,1,0,
1,5,1,33.030102,0,0,
1,3,1,33.096851,0,0,
1,1,1,33.163429,1,0,
1,0,1,33.163429,0,0,
1,1,1,33.230175,0,0,
1,3,1,33.296761,1,0,
1,1,1,33.296761,0,0,
1,4,1,33.341278,0,0,
1,4,1,33.385719,0,0,
1,3,1,33.430092,1,0,
1,5,1,33.430092,0,0,
1,4,1,33.563354,0,0,
1,5,1,33.607925,0,0,
1,1,1,33.696690,0,0,
1,4,1,33.785690,0,0,
1,4,1,33.830025,0,0,
1,5,1,33.963409,1,0,
1,2,1,33.963409,0,0,
1,1,1,34.096741,1,0,
1,6,1,34.096741,0,0,
1,4,1,34.163452,0,0,
1,1,1,34.230072,1,0,
1,5,1,34.230072,0,0,
1,5,1,34.296783,0,0,
1,0,1,34.363407,1,0,
1,3,1,34.363407,0,0,
1,6,1,34.430115,0,0,
1,1,1,34.496742,1,0,
1,0,1,34.496742,0,0,
1,3,1,34.630074,1,0,
1,1,1,34.630074,0,0,
1,6,1,34.696777,0,0,
1,6,1,34.763405,1,0,
1,2,1,34.763405,0,0,
1,2,1,34.896706,0,0,
1,4,1,35.030075,1,0,
1,3,1,35.030075,0,0,
1,0,1,35.163406,1,0,
1,4,1,35.163406,0,0,
1,5,1,35.296738,1,0,
1,4,1,35.296738,0,0,
1,1,1,35.363434,0,0,
1,3,1,35.430073,1,0,
1,2,1,35.430073,0,0,
1,1,1,35.496765,0,0,
1,5,1,35.563408,1,0,
1,4,1,35.563408,0,0,
1,3,1,35.630096,0,0,
1,3,1,35.696739,1,0,
1,5,1,35.696739,0,0,
1,5,1,35.763428,0,0,
1,2,1,35.830070,1,0,
1,0,1,35.830070,0,0,
1,6,1,35.896759,0,0,
1,4,1,35.963406,1,0,
1,0,1,35.963406,0,0,
1,1,1,36.030090,0,0,
1,3,1,36.096741,1,0,
1,4,1,36.096741,0,0,
1,1,1,36.163422,0,0,
1,3,1,36.230072,1,0,
1,0,1,36.230072,0,0,
1,2,1,36.363403,1,0,
1,5,1,36.363403,0,0,
1,6,1,36.496738,1,0,
1,1,1,36.496738,0,0,
1,4,1,36.563416,0,0,
1,5,1,36.630074,1,0,
1,6,1,36.630074,0,0,
1,1,1,36.763405,1,0,
1,4,1,36.763405,0,0,
1,1,1,36.896736,1,0,
1,0,1,36.896736,0,0,
1,3,1,36.963409,0,0,
1,5,1,37.030071,1,0,
1,1,1,37.030071,0,0,
1,6,1,37.096741,0,0,
1,1,1,37.163406,1,0,
1,2,1,37.163406,0,0,
1,3,1,37.230072,0,0,
1,0,1,37.296738,1,0,
1,1,1,37.296738,0,0,
1,4,1,37.363403,0,0,
1,5,1,37.430069,1,0,
1,1,1,37.430069,0,0,
1,0,1,37.496735,0,0,
1,1,1,37.563404,1,0,
1,2,1,37.563404,0,0,
1,5,1,37.630066,0,0,
1,4,1,37.696739,1,0,
1,6,1,37.696739,0,0,
1,0,1,37.763397,0,0,
1,3,1,37.830070,1,0,
1,1,1,37.830070,0,0,
1,5,1,37.896729,0,0,
1,4,1,37.963402,1,0,
1,6,1,37.963402,0,0,
1,5,1,38.096748,0,0,
1,3,1,38.230072,1,0,
1,0,1,38.230072,0,0,
1,3,1,38.363388,0,0,
1,1,1,38.430054,0,0,
1,1,1,38.496735,1,0,
1,3,1,38.496735,0,0,
1,1,1,38.630051,0,0,
1,1,1,38.696716,0,0,
1,0,1,38.763397,1,0,
1,4,1,38.763397,0,0,
1,4,1,38.896713,0,0,
1,4,1,38.963379,0,0,
1,2,1,39.030064,1,0,
1,5,1,39.030064,0,0,
1,0,1,39.163376,0,0,
1,5,1,39.230042,0,0,
1,2,1,39.296730,1,0,
1,3,1,39.296730,0,0,
1,6,1,39.430038,0,0,
1,1,1,39.496704,0,0,
1,6,1,39.563393,1,0,
1,4,1,39.563393,0,0,
1,0,1,39.696701,0,0,
1,0,1,39.763367,0,0,
1,4,1,39.830055,1,0,
1,6,1,39.830055,0,0,
1,2,1,39.963364,0,0,
1,1,1,40.030029,0,0,
1,4,1,40.096722,1,0,
1,3,1,40.096722,0,0,
1,1,1,40.230026,0,0,
1,5,1,40.296692,0,0,
1,0,1,40.363388,1,0,
1,3,1,40.363388,0,0,
1,5,1,40.496719,1,0,
1,4,1,40.496719,0,0,
1,2,1,40.563354,0,0,
1,0,1,40.630051,1,0,
1,6,1,40.630051,0,0,
1,3,1,40.696686,0,0,
1,6,1,40.763386,1,0,
1,0,1,40.763386,0,0,
1,4,1,40.830017,0,0,
1,4,1,40.896721,1,0,
1,6,1,40.896721,0,0,
1,6,1,40.963348,0,0,
1,0,1,41.030052,1,0,
1,1,1,41.030052,0,0,
1,1,1,41.096680,0,0,
1,4,1,41.163383,1,0,
1,0,1,41.163383,0,0,
1,5,1,41.230011,0,0,
1,5,1,41.296719,1,0,
1,2,1,41.296719,0,0,
1,0,1,41.363342,0,0,
1,3,1,41.430054,1,0,
1,5,1,41.430054,0,0,
1,0,1,41.563385,1,0,
1,6,1,41.563385,0,0,
1,3,1,41.630005,0,0,
1,2,1,41.696716,1,0,
1,3,1,41.696716,0,0,
1,0,1,41.763336,0,0,
1,2,1,41.830051,1,0,
1,4,1,41.830051,0,0,
1,2,1,41.896667,0,0,
1,5,1,41.963387,1,0,
1,3,1,41.963387,0,0,
1,4,1,42.096718,1,0,
1,1,1,42.096718,0,0,
1,4,1,42.163330,0,0,
1,2,1,42.230049,1,0,
1,1,1,42.230049,0,0,
1,2,1,42.296661,0,0,
1,2,1,42.363384,1,0,
1,1,1,42.363384,0,0,
1,4,1,42.429993,0,0,
1,5,1,42.496719,1,0,
1,4,1,42.496719,0,0,
1,4,1,42.630051,1,0,
1,5,1,42.630051,0,0,
1,1,1,42.696655,0,0,
1,3,1,42.763382,1,0,
1,6,1,42.763382,0,0,
1,6,1,42.896717,1,0,
1,2,1,42.896717,0,0,
1,4,1,42.963318,0,0,
1,0,1,43.030052,1,0,
1,3,1,43.030052,0,0,
1,4,1,43.096649,0,0,
1,6,1,43.163383,1,0,
1,2,1,43.163383,0,0,
1,1,1,43.229980,0,0,
1,5,1,43.296715,1,0,
1,4,1,43.296715,0,0,
1,0,1,43.363312,0,0,
1,4,1,43.430050,1,0,
1,5,1,43.430050,0,0,
1,2,1,43.496643,0,0,
1,4,1,43.563385,1,0,
1,5,1,43.563385,0,0,
1,2,1,43.696716,1,0,
1,3,1,43.696716,0,0,
1,4,1,43.763306,0,0,
1,0,1,43.830048,1,0,
1,2,1,43.830048,0,0,
1,3,1,43.963383,1,0,
1,2,1,43.963383,0,0,
1,1,1,44.029968,0,0,
1,1,1,44.096718,1,0,
1,6,1,44.096718,0,0,
1,4,1,44.163300,0,0,
1,4,1,44.230049,1,0,
1,5,1,44.230049,0,0,
1,4,1,44.296631,0,0,
1,3,1,44.363380,1,0,
1,2,1,44.363380,0,0,
1,1,1,44.429962,0,0,
1,1,1,44.496716,1,0,
1,4,1,44.496716,0,0,
1,0,1,44.563293,0,0,
1,2,1,44.630051,1,0,
1,5,1,44.630051,0,0,
1,0,1,44.763382,1,0,
1,5,1,44.763382,0,0,
1,5,1,44.829956,0,0,
1,0,1,44.896713,1,0,
1,5,1,44.896713,0,0,
1,3,1,44.963287,0,0,
1,3,1,45.030048,1,0,
1,4,1,45.030048,0,0,
1,0,1,45.096619,0,0,
1,4,1,45.163383,1,0,
1,6,1,45.163383,0,0,
1,3,1,45.296715,1,0,
1,6,1,45.296715,0,0,
1,6,1,45.363281,0,0,
1,0,1,45.430046,1,0,
1,5,1,45.430046,0,0,
1,2,1,45.496613,0,0,
1,3,1,45.563381,1,0,
1,6,1,45.563381,0,0,
1,6,1,45.629944,0,0,
1,3,1,45.696716,1,0,
1,6,1,45.696716,0,0,
1,1,1,45.763382,1,0,
1,2,1,45.763382,0,0,
1,2,1,45.896713,1,0,
1,5,1,45.896713,0,0,
1,1,1,45.963379,1,0,
1,6,1,45.963379,0,0,
1,1,1,46.029938,0,0,
1,3,1,46.096813,0,0,
1,1,1,46.163376,1,0,
1,2,1,46.163376,0,0,
1,3,1,46.230042,1,0,
1,6,1,46.230042,0,0,
1,5,1,46.363373,1,0,
1,1,1,46.363373,0,0,
1,4,1,46.496704,1,0,
1,1,1,46.496704,0,0,
1,2,1,46.630035,1,0,
1,4,1,46.630035,0,0,
1,2,1,46.763367,1,0,
1,0,1,46.763367,0,0,
1,6,1,46.829926,0,0,
1,0,1,46.896698,1,0,
1,3,1,46.896698,0,0,
1,1,1,46.963257,0,0,
1,2,1,47.030029,1,0,
1,0,1,47.030029,0,0,
1,2,1,47.096588,0,0,
1,3,1,47.163364,1,0,
1,4,1,47.163364,0,0,
1,3,1,47.229919,0,0,
1,3,1,47.296700,1,0,
1,4,1,47.296700,0,0,
1,3,1,47.363251,0,0,
1,0,1,47.430031,1,0,
1,3,1,47.430031,0,0,
1,6,1,47.496582,0,0,
1,4,1,47.563362,1,0,
1,5,1,47.563362,0,0,
1,0,1,47.696697,1,0,
1,2,1,47.696697,0,0,
1,0,1,47.830032,1,0,
1,2,1,47.830032,0,0,
1,2,1,47.896576,0,0,
1,5,1,47.963364,1,0,
1,0,1,47.963364,0,0,
1,2,1,48.029907,0,0,
1,4,1,48.096695,1,0,
1,2,1,48.096695,0,0,
1,0,1,48.163239,0,0,
1,5,1,48.230030,1,0,
1,4,1,48.230030,0,0,
1,3,1,48.296570,0,0,
1,5,1,48.363365,1,0,
1,4,1,48.363365,0,0,
1,5,1,48.429901,0,0,
1,4,1,48.496696,1,0,
1,1,1,48.496696,0,0,
1,1,1,48.563232,0,0,
1,2,1,48.630028,1,0,
1,6,1,48.630028,0,0,
1,4,1,48.696564,0,0,
1,6,1,48.763363,1,0,
1,2,1,48.763363,0,0,
1,6,1,48.829895,0,0,
1,5,1,48.896698,1,0,
1,3,1,48.896698,0,0,
1,5,1,48.963226,0,0,
1,4,1,49.030029,1,0,
1,0,1,49.030029,0,0,
1,0,1,49.096558,0,0,
1,6,1,49.163361,1,0,
1,5,1,49.163361,0,0,
1,2,1,49.229889,0,0,
1,0,1,49.296696,1,0,
1,5,1,49.296696,0,0,
1,2,1,49.363220,0,0,
1,2,1,49.430031,1,0,
1,0,1,49.430031,0,0,
1,3,1,49.496552,0,0,
1,6,1,49.563362,1,0,
1,1,1,49.563362,0,0,
1,5,1,49.696693,1,0,
1,4,1,49.696693,0,0,
1,3,1,49.830029,1,0,
1,1,1,49.830029,0,0,
1,3,1,49.963364,1,0,
1,2,1,49.963364,0,0,
1,1,1,50.029873,0,0,
1,0,1,50.096691,1,0,
1,4,1,50.096691,0,0,
1,2,1,50.163197,0,0,
1,5,1,50.230019,1,0,
1,4,1,50.230019,0,0,
1,6,1,50.318741,0,0,
1,6,1,50.363518,0,0,
1,5,1,50.407623,0,0,
1,5,1,50.496681,1,0,
1,2,1,50.496681,0,0,
1,3,1,50.563168,0,0,
1,5,1,50.630009,1,0,
1,3,1,50.630009,0,0,
1,5,1,50.696491,0,0,
1,4,1,50.763336,1,0,
1,0,1,50.763336,0,0,
1,5,1,50.829815,0,0,
1,6,1,50.896667,1,0,
1,2,1,50.896667,0,0,
1,0,1,50.963139,0,0,
1,2,1,51.029999,1,0,
1,6,1,51.029999,0,0,
1,4,1,51.096466,0,0,
1,4,1,51.163330,1,0,
1,5,1,51.163330,0,0,
1,6,1,51.229797,0,0,
1,4,1,51.296661,1,0,
1,5,1,51.296661,0,0,
1,5,1,51.363129,0,0,
1,5,1,51.429996,1,0,
1,4,1,51.429996,0,0,
1,5,1,51.496460,0,0,
1,0,1,51.563332,1,0,
1,3,1,51.563332,0,0,
1,0,1,51.629791,0,0,
1,1,1,51.696663,1,0,
1,3,1,51.696663,0,0,
1,5,1,51.763123,0,0,
1,3,1,51.829994,1,0,
1,2,1,51.829994,0,0,
1,1,1,51.896454,0,0,
1,5,1,51.963329,1,0,
1,6,1,51.963329,0,0,
1,5,1,52.029785,0,0,
1,6,1,52.096664,1,0,
1,1,1,52.096664,0,0,
1,5,1,52.163116,0,0,
1,0,1,52.229996,1,0,
1,5,1,52.229996,0,0,
1,2,1,52.296448,0,0,
1,4,1,52.363327,1,0,
1,3,1,52.363327,0,0,
1,3,1,52.429779,0,0,
1,4,1,52.496662,1,0,
1,0,1,52.496662,0,0,
1,0,1,52.563110,0,0,
1,5,1,52.629997,1,0,
1,2,1,52.629997,0,0,
1,2,1,52.696442,0,0,
1,2,1,52.763329,1,0,
1,5,1,52.763329,0,0,
1,2,1,52.829773,0,0,
1,3,1,52.896660,1,0,
1,0,1,52.896660,0,0,
1,4,1,52.963104,0,0,
1,1,1,53.029995,1,0,
1,0,1,53.029995,0,0,
1,6,1,53.096436,0,0,
1,2,1,53.163330,1,0,
1,1,1,53.163330,0,0,
1,1,1,53.229767,0,0,
1,1,1,53.296661,1,0,
1,0,1,53.296661,0,0,
1,0,1,53.363098,0,0,
1,4,1,53.429993,1,0,
1,1,1,53.429993,0,0,
1,6,1,53.496429,0,0,
1,5,1,53.563328,1,0,
1,2,1,53.563328,0,0,
1,6,1,53.629761,0,0,
1,0,1,53.696663,1,0,
1,5,1,53.696663,0,0,
1,0,1,53.763092,0,0,
1,2,1,53.829994,1,0,
1,1,1,53.829994,0,0,
1,2,1,53.896423,0,0,
1,3,1,53.963326,1,0,
1,6,1,53.963326,0,0,
1,0,1,54.029755,0,0,
1,2,1,54.096661,1,0,
1,4,1,54.096661,0,0,
1,3,1,54.163086,0,0,
1,0,1,54.229996,1,0,
1,2,1,54.229996,0,0,
1,0,1,54.296417,0,0,
1,0,1,54.363327,1,0,
1,1,1,54.363327,0,0,
1,0,1,54.429749,0,0,
1,6,1,54.496658,1,0,
1,0,1,54.496658,0,0,
1,3,1,54.563080,0,0,
1,1,1,54.629993,1,0,
1,6,1,54.629993,0,0,
1,4,1,54.696411,0,0,
1,6,1,54.763329,1,0,
1,0,1,54.763329,0,0,
1,2,1,54.829742,0,0,
1,1,1,54.896660,1,0,
1,5,1,54.896660,0,0,
1,2,1,54.963074,0,0,
1,2,1,55.029991,1,0,
1,4,1,55.029991,0,0,
1,2,1,55.096405,0,0,
1,3,1,55.163326,1,0,
1,6,1,55.163326,0,0,
1,0,1,55.229736,0,0,
1,2,1,55.296661,1,0,
1,0,1,55.296661,0,0,
1,5,1,55.363068,0,0,
1,4,1,55.429993,1,0,
1,6,1,55.429993,0,0,
1,2,1,55.496399,0,0,
1,1,1,55.563324,1,0,
1,2,1,55.563324,0,0,
1,1,1,55.629730,0,0,
1,2,1,55.696659,1,0,
1,1,1,55.696659,0,0,
1,0,1,55.763062,0,0,
1,6,1,55.829994,1,0,
1,2,1,55.829994,0,0,
1,6,1,55.896393,0,0,
1,0,1,55.963326,1,0,
1,2,1,55.963326,0,0,
1,4,1,56.029724,0,0,
1,0,1,56.096657,1,0,
1,2,1,56.096657,0,0,
1,2,1,56.229992,1,0,
1,0,1,56.229992,0,0,
1,4,1,56.363327,1,0,
1,3,1,56.363327,0,0,
1,4,1,56.429718,0,0,
1,5,1,56.496658,1,0,
1,0,1,56.496658,0,0,
1,4,1,56.563049,0,0,
1,6,1,56.629990,1,0,
1,2,1,56.629990,0,0,
1,5,1,56.696381,0,0,
1,1,1,56.763325,1,0,
1,2,1,56.763325,0,0,
1,3,1,56.829712,0,0,
1,2,1,56.896660,1,0,
1,4,1,56.896660,0,0,
1,5,1,56.963043,0,0,
1,0,1,57.029991,1,0,
1,6,1,57.029991,0,0,
1,6,1,57.096375,0,0,
1,1,1,57.163322,1,0,
1,5,1,57.163322,0,0,
1,6,1,57.229706,0,0,
1,4,1,57.296658,1,0,
1,6,1,57.296658,0,0,
1,5,1,57.363037,0,0,
1,2,1,57.429993,1,0,
1,5,1,57.429993,0,0,
1,4,1,57.496368,0,0,
1,5,1,57.563324,1,0,
1,0,1,57.563324,0,0,
1,4,1,57.629700,0,0,
1,1,1,57.696655,1,0,
1,3,1,57.696655,0,0,
1,1,1,57.763031,0,0,
1,2,1,57.829990,1,0,
1,3,1,57.829990,0,0,
1,4,1,57.896362,0,0,
1,4,1,57.963326,1,0,
1,1,1,57.963326,0,0,
1,4,1,58.029694,0,0,
1,6,1,58.096657,1,0,
1,5,1,58.096657,0,0,
1,0,1,58.229988,1,0,
1,3,1,58.229988,0,0,
1,0,1,58.363323,1,0,
1,5,1,58.363323,0,0,
1,0,1,58.496658,1,0,
1,2,1,58.496658,0,0,
1,5,1,58.563015,0,0,
1,4,1,58.629986,1,0,
1,5,1,58.629986,0,0,
1,6,1,58.696339,0,0,
1,4,1,58.763313,1,0,
1,0,1,58.763313,0,0,
1,2,1,58.851883,0,0,
1,1,1,58.896965,0,0,
1,3,1,58.940765,0,0,
1,1,1,59.029976,1,0,
1,4,1,59.029976,0,0,
1,2,1,59.096310,0,0,
1,5,1,59.163303,1,0,
1,1,1,59.163303,0,0,
1,2,1,59.229633,0,0,
1,2,1,59.296631,1,0,
1,1,1,59.296631,0,0,
1,3,1,59.362957,0,0,
1,4,1,59.429962,1,0,
1,3,1,59.429962,0,0,
1,5,1,59.496281,0,0,
1,2,1,59.563293,1,0,
1,1,1,59.563293,0,0,
1,1,1,59.629608,0,0,
1,6,1,59.696625,1,0,
1,0,1,59.696625,0,0,
1,2,1,59.762939,0,0,
1,4,1,59.829956,1,0,
1,6,1,59.829956,0,0,
1,4,1,59.896271,0,0,
1,2,1,59.963291,1,0,
1,4,1,59.963291,0,0,
1,5,1,60.029602,0,0,
1,2,1,60.096626,1,0,
1,5,1,60.096626,0,0,
1,1,1,60.162933,0,0,
1,4,1,60.229958,1,0,
1,3,1,60.229958,0,0,
1,1,1,60.296265,0,0,
1,4,1,60.363289,1,0,
1,6,1,60.363289,0,0,
1,3,1,60.429596,0,0,
1,3,1,60.496624,1,0,
1,5,1,60.496624,0,0,
1,1,1,60.562927,0,0,
1,4,1,60.629959,1,0,
1,6,1,60.629959,0,0,
1,1,1,60.696259,0,0,
1,0,1,60.763290,1,0,
1,4,1,60.763290,0,0,
1,6,1,60.829590,0,0,
1,2,1,60.896622,1,0,
1,0,1,60.896622,0,0,
1,3,1,60.962921,0,0,
1,2,1,61.029957,1,0,
1,6,1,61.029957,0,0,
1,6,1,61.096252,0,0,
1,1,1,61.163292,1,0,
1,4,1,61.163292,0,0,
1,0,1,61.229584,0,0,
1,3,1,61.296623,1,0,
1,5,1,61.296623,0,0,
1,2,1,61.362915,0,0,
1,0,1,61.429955,1,0,
1,5,1,61.429955,0,0,
1,6,1,61.496246,0,0,
1,0,1,61.563290,1,0,
1,1,1,61.563290,0,0,
1,4,1,61.629578,0,0,
1,3,1,61.696625,1,0,
1,4,1,61.696625,0,0,
1,2,1,61.762909,0,0,
1,6,1,61.829956,1,0,
1,2,1,61.829956,0,0,
1,0,1,61.896240,0,0,
1,0,1,61.963287,1,0,
1,5,1,61.963287,0,0,
1,6,1,62.029572,0,0,
1,5,1,62.096622,1,0,
1,2,1,62.096622,0,0,
1,0,1,62.162903,0,0,
1,6,1,62.229958,1,0,
1,3,1,62.229958,0,0,
1,1,1,62.296234,0,0,
1,2,1,62.363289,1,0,
1,1,1,62.363289,0,0,
1,4,1,62.429565,0,0,
1,4,1,62.496620,1,0,
1,2,1,62.496620,0,0,
1,1,1,62.562897,0,0,
1,4,1,62.629955,1,0,
1,2,1,62.629955,0,0,
1,3,1,62.696228,0,0,
1,6,1,62.763290,1,0,
1,3,1,62.763290,0,0,
1,0,1,62.829559,0,0,
1,2,1,62.896622,1,0,
1,4,1,62.896622,0,0,
1,0,1,62.962891,0,0,
1,3,1,63.029953,1,0,
1,5,1,63.029953,0,0,
1,0,1,63.096222,0,0,
1,0,1,63.163288,1,0,
1,6,1,63.163288,0,0,
1,2,1,63.229553,0,0,
1,1,1,63.296623,1,0,
1,0,1,63.296623,0,0,
1,2,1,63.362885,0,0,
1,4,1,63.429955,1,0,
1,5,1,63.429955,0,0,
1,2,1,63.496216,0,0,
1,1,1,63.563286,1,0,
1,5,1,63.563286,0,0,
1,1,1,63.629547,0,0,
1,1,1,63.696621,1,0,
1,3,1,63.696621,0,0,
1,0,1,63.762878,0,0,
1,4,1,63.829956,1,0,
1,1,1,63.829956,0,0,
1,0,1,63.896210,0,0,
1,4,1,63.963287,1,0,
1,5,1,63.963287,0,0,
1,0,1,64.029541,0,0,
1,2,1,64.096619,1,0,
1,1,1,64.096619,0,0,
1,3,1,64.162872,0,0,
1,4,1,64.229950,1,0,
1,6,1,64.229950,0,0,
1,1,1,64.296204,0,0,
1,0,1,64.363281,1,0,
1,4,1,64.363281,0,0,
1,2,1,64.429535,0,0,
1,2,1,64.496201,0,0,
1,2,1,64.563278,1,0,
1,4,1,64.563278,0,0,
1,1,1,64.629532,0,0,
1,1,1,64.696198,0,0,
1,4,1,64.763275,1,0,
1,3,1,64.763275,0,0,
1,6,1,64.829529,0,0,
1,4,1,64.896606,1,0,
1,3,1,64.896606,0,0,
1,4,1,64.985085,0,0,
1,1,1,65.073975,0,0,
1,1,1,65.162865,0,0,
1,6,1,65.251755,0,0,
1,6,1,65.340645,0,0,
1,5,1,65.429535,0,0,
1,6,1,65.518425,0,0,
1,5,1,65.607315,0,0,
1,3,1,65.696205,0,0,
1,3,1,65.873985,0,0,
1,2,1,65.962875,0,0,
1,2,1,66.051765,0,0,
1,5,1,66.140656,0,0,
1,0,1,66.229546,0,0,
1,6,1,66.318436,0,0,
1,4,1,66.407326,0,0,
1,1,1,66.496216,0,0,
1,2,1,66.585106,0,0,
1,4,1,66.673996,0,0,
1,6,1,66.763290,1,0,
1,4,1,66.763290,0,0,
1,5,1,67.029961,1,0,
1,1,1,67.029961,0,0,
1,4,1,67.118446,0,0,
1,1,1,67.207336,0,0,
1,0,1,67.296227,0,0,
1,5,1,67.385117,0,0,
1,2,1,67.474007,0,0,
1,4,1,67.562897,0,0,
1,5,1,67.651787,0,0,
1,2,1,67.740677,0,0,
1,4,1,67.829567,0,0,
1,0,1,68.007347,0,0,
1,4,1,68.096237,0,0,
1,1,1,68.185127,0,0,
1,4,1,68.274017,0,0,
1,0,1,68.362907,0,0,
1,3,1,68.451797,0,0,
1,2,1,68.540688,0,0,
1,5,1,68.629578,0,0,
1,4,1,68.718468,0,0,
1,4,1,68.807755,1,0,
1,6,1,68.807755,0,0,
1,2,1,68.896248,0,0,
1,2,1,69.074821,0,0,
1,5,1,69.163315,1,0,
1,6,1,69.163315,0,0,
1,3,1,69.251808,0,0,
1,1,1,69.340698,0,0,
1,4,1,69.429985,1,0,
1,0,1,69.429985,0,0,
1,5,1,69.518478,0,0,
1,4,1,69.607765,1,0,
1,0,1,69.607765,0,0,
1,2,1,69.696655,1,0,
1,6,1,69.696655,0,0,
1,1,1,69.785149,0,0,
1,6,1,69.874039,0,0,
1,3,1,69.963326,1,0,
1,4,1,69.963326,0,0,
1,6,1,70.141106,1,0,
1,4,1,70.141106,0,0,
1,5,1,70.229599,0,0,
1,5,1,70.318489,0,0,
1,3,1,70.407776,1,0,
1,5,1,70.407776,0,0,
1,4,1,70.496269,0,0,
1,0,1,70.585159,0,0,
1,2,1,70.674446,1,0,
1,6,1,70.674446,0,0,
1,4,1,70.762939,0,0,
1,4,1,70.851830,0,0,
1,3,1,70.941116,1,0,
1,6,1,70.941116,0,0,
1,1,1,71.030006,1,0,
1,6,1,71.030006,0,0,
1,2,1,71.207390,0,0,
1,4,1,71.296677,1,0,
1,3,1,71.296677,0,0,
1,0,1,71.385170,0,0,
1,6,1,71.474060,0,0,
1,4,1,71.563347,1,0,
1,1,1,71.563347,0,0,
1,5,1,71.741127,1,0,
1,6,1,71.741127,0,0,
1,6,1,71.829620,0,0,
1,4,1,71.918510,0,0,
1,1,1,72.007797,1,0,
1,2,1,72.007797,0,0,
1,6,1,72.096687,1,0,
1,0,1,72.096687,0,0,
1,6,1,72.274467,1,0,
1,4,1,72.274467,0,0,
1,3,1,72.363358,1,0,
1,4,1,72.363358,0,0,
1,3,1,72.451851,0,0,
1,0,1,72.541138,1,0,
1,6,1,72.541138,0,0,
1,2,1,72.630028,1,0,
1,4,1,72.630028,0,0,
1,6,1,72.718521,0,0,
1,3,1,72.807808,1,0,
1,5,1,72.807808,0,0,
1,2,1,72.896698,1,0,
1,3,1,72.896698,0,0,
1,5,1,72.985191,0,0,
1,2,1,73.074478,1,0,
1,4,1,73.074478,0,0,
1,6,1,73.163368,1,0,
1,3,1,73.163368,0,0,
1,2,1,73.341148,1,0,
1,6,1,73.341148,0,0,
1,0,1,73.430038,1,0,
1,6,1,73.430038,0,0,
1,1,1,73.518532,0,0,
1,5,1,73.607422,0,0,
1,3,1,73.696709,1,0,
1,5,1,73.696709,0,0,
1,4,1,73.785202,0,0,
1,5,1,73.874092,0,0,
1,3,1,73.963379,1,0,
1,5,1,73.963379,0,0,
1,4,1,74.051872,0,0,
1,4,1,74.140762,0,0,
1,6,1,74.230049,1,0,
1,3,1,74.230049,0,0,
1,3,1,74.407433,0,0,
1,6,1,74.496719,1,0,
1,1,1,74.496719,0,0,
1,3,1,74.585213,0,0,
1,1,1,74.674103,0,0,
1,3,1,74.763390,1,0,
1,1,1,74.763390,0,0,
1,6,1,74.851883,0,0,
1,1,1,74.940773,0,0,
1,6,1,75.030060,1,0,
1,4,1,75.030060,0,0,
1,0,1,75.118553,0,0,
1,4,1,75.207443,0,0,
1,1,1,75.296730,1,0,
1,6,1,75.296730,0,0,
1,4,1,75.563400,1,0,
1,0,1,75.563400,0,0,
1,1,1,75.651894,0,0,
1,5,1,75.740784,0,0,
1,6,1,75.830070,1,0,
1,0,1,75.830070,0,0,
1,4,1,75.918564,0,0,
1,6,1,76.007454,0,0,
1,4,1,76.096741,1,0,
1,6,1,76.096741,0,0,
1,2,1,76.185234,0,0,
1,1,1,76.274124,0,0,
1,1,1,76.363411,1,0,
1,4,1,76.363411,0,0,
1,2,1,76.540794,0,0,
1,4,1,76.630081,1,0,
1,5,1,76.630081,0,0,
1,5,1,76.718575,0,0,
1,6,1,76.807465,0,0,
1,2,1,76.896751,1,0,
1,4,1,76.896751,0,0,
1,2,1,76.985245,0,0,
1,2,1,77.074135,0,0,
1,4,1,77.163422,1,0,
1,5,1,77.163422,0,0,
1,3,1,77.251915,0,0,
1,3,1,77.340805,0,0,
1,4,1,77.430092,1,0,
1,2,1,77.430092,0,0,
1,0,1,77.607475,0,0,
1,0,1,77.696762,1,0,
1,1,1,77.696762,0,0,
1,3,1,77.785652,1,0,
1,1,1,77.785652,0,0,
1,3,1,77.874542,1,0,
1,2,1,77.874542,0,0,
1,0,1,77.963432,1,0,
1,6,1,77.963432,0,0,
1,2,1,78.052322,1,0,
1,0,1,78.052322,0,0,
1,1,1,78.141212,1,0,
1,5,1,78.141212,0,0,
1,5,1,78.230103,1,0,
1,0,1,78.230103,0,0,
1,5,1,78.318993,1,0,
1,1,1,78.318993,0,0,
1,6,1,78.407883,1,0,
1,5,1,78.407883,0,0,
1,1,1,78.496773,1,0,
1,5,1,78.496773,0,0,
1,0,1,78.674156,0,0,
1,1,1,78.763443,1,0,
1,3,1,78.763443,0,0,
1,4,1,78.852333,1,0,
1,2,1,78.852333,0,0,
1,6,1,78.941223,1,0,
1,0,1,78.941223,0,0,
1,5,1,79.030113,1,0,
1,0,1,79.030113,0,0,
1,2,1,79.119003,1,0,
1,6,1,79.119003,0,0,
1,0,1,79.207893,1,0,
1,1,1,79.207893,0,0,
1,6,1,79.296783,1,0,
1,5,1,79.296783,0,0,
1,3,1,79.385674,1,0,
1,6,1,79.385674,0,0,
1,5,1,79.474564,1,0,
1,6,1,79.474564,0,0,
1,5,1,79.563454,1,0,
1,2,1,79.563454,0,0,
1,0,1,79.830124,1,0,
1,3,1,79.830124,0,0,
1,1,1,79.896393,0,0,
1,4,1,79.963455,1,0,
1,5,1,79.963455,0,0,
1,2,1,80.029724,0,0,
1,2,1,80.096786,1,0,
1,1,1,80.096786,0,0,
1,5,1,80.163055,0,0,
1,5,1,80.230118,1,0,
1,0,1,80.230118,0,0,
1,4,1,80.296387,0,0,
1,2,1,80.363449,1,0,
1,1,1,80.363449,0,0,
1,4,1,80.429718,0,0,
1,6,1,80.496780,1,0,
1,5,1,80.496780,0,0,
1,0,1,80.563049,0,0,
1,5,1,80.630112,1,0,
1,1,1,80.630112,0,0,
1,0,1,80.696381,0,0,
1,2,1,80.763443,1,0,
1,3,1,80.763443,0,0,
1,1,1,80.829712,0,0,
1,2,1,80.896774,1,0,
1,1,1,80.896774,0,0,
1,5,1,80.963043,0,0,
1,6,1,81.030106,1,0,
1,5,1,81.030106,0,0,
1,0,1,81.096375,0,0,
1,0,1,81.163437,1,0,
1,2,1,81.163437,0,0,
1,2,1,81.229706,0,0,
1,0,1,81.296768,1,0,
1,4,1,81.296768,0,0,
1,6,1,81.363037,0,0,
1,4,1,81.430099,1,0,
1,1,1,81.430099,0,0,
1,3,1,81.496368,0,0,
1,5,1,81.563431,1,0,
1,0,1,81.563431,0,0,
1,2,1,81.629700,0,0,
1,5,1,81.696762,1,0,
1,3,1,81.696762,0,0,
1,2,1,81.763031,0,0,
1,3,1,81.830093,1,0,
1,0,1,81.830093,0,0,
1,5,1,81.896362,0,0,
1,1,1,81.963425,1,0,
1,2,1,81.963425,0,0,
1,2,1,82.496758,1,0,
1,5,1,82.496758,0,0,
1,6,1,83.030090,1,0,
1,3,1,83.030090,0,0,
1,2,1,83.563423,1,0,
1,0,1,83.563423,0,0,
1,4,1,84.096756,1,0,
1,1,1,84.096756,0,0,
1,0,1,84.630089,1,0,
1,1,1,84.630089,0,0,
1,4,1,85.163422,1,0,
1,5,1,85.163422,0,0,
1,0,1,85.696358,0,0,
1,2,1,86.230484,0,0,
1,2,1,86.363022,0,0,
1,2,1,86.496353,0,0,
1,3,1,86.629684,0,0,
1,6,1,86.763412,1,0,
1,2,1,86.763412,0,0,
1,1,1,86.896347,0,0,
1,6,1,87.029678,0,0,
1,0,1,87.163010,0,0,
1,4,1,87.297150,0,0,
1,5,1,87.429672,0,0,
1,2,1,87.563004,0,0,
1,5,1,87.696335,0,0,
1,6,1,87.830078,1,0,
1,5,1,87.830078,0,0,
1,2,1,87.962997,0,0,
1,0,1,88.029663,0,0,
1,0,1,88.229660,0,0,
1,4,1,88.363815,0,0,
1,3,1,88.496323,0,0,
1,4,1,88.629654,0,0,
1,1,1,88.762985,0,0,
1,6,1,88.896729,1,0,
1,1,1,88.896729,0,0,
1,0,1,89.029648,0,0,
1,3,1,89.162979,0,0,
1,6,1,89.296310,0,0,
1,6,1,89.429642,0,0,
1,1,1,89.562973,0,0,
1,5,1,89.629639,0,0,
1,6,1,89.762970,0,0,
1,2,1,89.829636,0,0,
1,0,1,89.962967,0,0,
1,2,1,90.096298,0,0,
1,3,1,90.162964,0,0,
1,5,1,90.296295,0,0,
1,3,1,90.362961,0,0,
1,0,1,90.496719,1,0,
1,4,1,90.496719,0,0,
1,3,1,90.629623,0,0,
1,3,1,90.696289,0,0,
1,4,1,90.762955,0,0,
1,3,1,90.829620,0,0,
1,0,1,90.896286,0,0,
1,2,1,90.962952,0,0,
1,0,1,91.029617,0,0,
1,5,1,91.096283,0,0,
1,6,1,91.162949,0,0,
1,6,1,91.229614,0,0,
1,3,1,91.296280,0,0,
1,3,1,91.362946,0,0,
1,6,1,91.429611,0,0,
1,4,1,91.496277,0,0,
1,4,1,91.563377,1,0,
1,3,1,91.563377,0,0,
1,6,1,92.096268,0,0,
1,6,1,92.229599,0,0,
1,6,1,92.362930,0,0,
1,3,1,92.496262,0,0,
1,3,1,92.630035,1,0,
1,2,1,92.630035,0,0,
1,6,1,92.696259,0,0,
1,3,1,92.762924,0,0,
1,3,1,92.829590,0,0,
1,4,1,92.896255,0,0,
1,6,1,92.962921,0,0,
1,4,1,93.029587,0,0,
1,6,1,93.096252,0,0,
1,2,1,93.162918,0,0,
1,5,1,93.229584,0,0,
1,3,1,93.296249,0,0,
1,2,1,93.362915,0,0,
1,0,1,93.429581,0,0,
1,0,1,93.562912,0,0,
1,5,1,93.696693,1,0,
1,4,1,93.696693,0,0,
1,4,1,93.762909,0,0,
1,2,1,93.829575,0,0,
1,0,1,93.896240,0,0,
1,3,1,93.962906,0,0,
1,4,1,94.029572,0,0,
1,1,1,94.096237,0,0,
1,6,1,94.162903,0,0,
1,0,1,94.229568,0,0,
1,0,1,94.296234,0,0,
1,2,1,94.362900,0,0,
1,2,1,94.429565,0,0,
1,6,1,94.496231,0,0,
1,0,1,94.562897,0,0,
1,2,1,94.629562,0,0,
1,2,1,94.696228,0,0,
1,4,1,94.763351,1,0,
1,2,1,94.763351,0,0,
1,1,1,94.829559,0,0,
1,4,1,94.896225,0,0,
1,5,1,94.962891,0,0,
1,0,1,95.029556,0,0,
1,4,1,95.096222,0,0,
1,4,1,95.162888,0,0,
1,6,1,95.229553,0,0,
1,6,1,95.296677,1,0,
1,3,1,95.296677,0,0,
1,0,1,95.362885,0,0,
1,3,1,95.429550,0,0,
1,0,1,95.562881,0,0,
1,1,1,95.696213,0,0,
1,0,1,95.830009,1,0,
1,5,1,95.830009,0,0,
1,2,1,95.896217,0,0,
1,1,1,95.962891,0,0,
1,1,1,96.029564,0,0,
1,2,1,96.096237,0,0,
1,6,1,96.185135,0,0,
1,1,1,96.274033,0,0,
1,4,1,96.363365,1,0,
1,6,1,96.363365,0,0,
1,0,1,96.429604,0,0,
1,4,1,96.496704,1,0,
1,1,1,96.496704,0,0,
1,6,1,96.562950,0,0,
1,4,1,96.630043,1,0,
1,2,1,96.630043,0,0,
1,2,1,96.696297,0,0,
1,5,1,96.762970,0,0,
1,2,1,96.829643,0,0,
1,0,1,96.896721,1,0,
1,4,1,96.896721,0,0,
1,1,1,96.962982,0,0,
1,0,1,97.030052,1,0,
1,1,1,97.030052,0,0,
1,3,1,97.096313,0,0,
1,3,1,97.163383,1,0,
1,2,1,97.163383,0,0,
1,0,1,97.229645,0,0,
1,6,1,97.296715,1,0,
1,4,1,97.296715,0,0,
1,6,1,97.362976,0,0,
1,4,1,97.430046,1,0,
1,1,1,97.430046,0,0,
1,2,1,97.496307,0,0,
1,6,1,97.563377,1,0,
1,3,1,97.563377,0,0,
1,4,1,97.629639,0,0,
1,1,1,97.696709,1,0,
1,5,1,97.696709,0,0,
1,5,1,97.762970,0,0,
1,4,1,97.830040,1,0,
1,1,1,97.830040,0,0,
1,0,1,97.896301,0,0,
1,1,1,97.963371,1,0,
1,5,1,97.963371,0,0,
1,2,1,98.029633,0,0,
1,5,1,98.096703,1,0,
1,6,1,98.096703,0,0,
1,0,1,98.162964,0,0,
1,2,1,98.230034,1,0,
1,3,1,98.230034,0,0,
1,3,1,98.296295,0,0,
1,5,1,98.363365,1,0,
1,4,1,98.363365,0,0,
1,3,1,98.429626,0,0,
1,2,1,98.496696,1,0,
1,3,1,98.496696,0,0,
1,4,1,98.562958,0,0,
1,6,1,98.630028,1,0,
1,2,1,98.630028,0,0,
1,0,1,98.696289,0,0,
1,2,1,98.763359,1,0,
1,4,1,98.763359,0,0,
1,6,1,98.829620,0,0,
1,3,1,98.896690,1,0,
1,1,1,98.896690,0,0,
1,2,1,98.962952,0,0,
1,0,1,99.030022,1,0,
1,2,1,99.030022,0,0,
1,0,1,99.096283,0,0,
1,3,1,99.163353,1,0,
1,5,1,99.163353,0,0,
1,2,1,99.229614,0,0,
1,3,1,99.296684,1,0,
1,5,1,99.296684,0,0,
1,6,1,99.362946,0,0,
1,3,1,99.430016,1,0,
1,4,1,99.430016,0,0,
1,0,1,99.496277,0,0,
1,4,1,99.563347,1,0,
1,1,1,99.563347,0,0,
1,6,1,99.629608,0,0,
1,4,1,99.696678,1,0,
1,1,1,99.696678,0,0,
1,6,1,99.762939,0,0,
1,3,1,99.830009,1,0,
1,1,1,99.830009,0,0,
1,3,1,99.896271,0,0,
1,1,1,99.963341,1,0,
1,5,1,99.963341,0,0,
1,5,1,100.029602,0,0,
1,0,1,100.096672,1,0,
1,4,1,100.096672,0,0,
1,5,1,100.162933,0,0,
1,5,1,100.230003,1,0,
1,6,1,100.230003,0,0,
1,0,1,100.296265,0,0,
1,4,1,100.363335,1,0,
1,5,1,100.363335,0,0,
1,5,1,100.429596,0,0,
1,2,1,100.496666,1,0,
1,4,1,100.496666,0,0,
1,5,1,100.562927,0,0,
1,4,1,100.629997,1,0,
1,0,1,100.629997,0,0,
1,6,1,100.696259,0,0,
1,5,1,100.763329,1,0,
1,4,1,100.763329,0,0,
1,5,1,100.829590,0,0,
1,1,1,100.896660,1,0,
1,3,1,100.896660,0,0,
1,3,1,100.962921,0,0,
1,0,1,101.029991,1,0,
1,3,1,101.029991,0,0,
1,6,1,101.096252,0,0,
1,6,1,101.163322,1,0,
1,1,1,101.163322,0,0,
1,0,1,101.229584,0,0,
1,4,1,101.296654,1,0,
1,2,1,101.296654,0,0,
1,2,1,101.362915,0,0,
1,0,1,101.429985,1,0,
1,4,1,101.429985,0,0,
1,6,1,101.496246,0,0,
1,1,1,101.563316,1,0,
1,3,1,101.563316,0,0,
1,6,1,101.629578,0,0,
1,2,1,101.696648,1,0,
1,1,1,101.696648,0,0,
1,1,1,101.762909,0,0,
1,5,1,101.829979,1,0,
1,0,1,101.829979,0,0,
1,5,1,101.896240,0,0,
1,1,1,101.963310,1,0,
1,2,1,101.963310,0,0,
1,2,1,102.096642,1,0,
1,1,1,102.096642,0,0,
1,3,1,102.229973,1,0,
1,5,1,102.229973,0,0,
1,3,1,102.296234,0,0,
1,5,1,102.363304,1,0,
1,3,1,102.363304,0,0,
1,6,1,102.429565,0,0,
1,5,1,102.496635,1,0,
1,6,1,102.496635,0,0,
1,2,1,102.562897,0,0,
1,4,1,102.629967,1,0,
1,3,1,102.629967,0,0,
1,2,1,102.696228,0,0,
1,1,1,102.763298,1,0,
1,0,1,102.763298,0,0,
1,3,1,102.829559,0,0,
1,3,1,102.896629,1,0,
1,4,1,102.896629,0,0,
1,3,1,102.962891,0,0,
1,4,1,103.029961,1,0,
1,5,1,103.029961,0,0,
1,2,1,103.096222,0,0,
1,0,1,103.163292,1,0,
1,4,1,103.163292,0,0,
1,3,1,103.229553,0,0,
1,5,1,103.296623,1,0,
1,2,1,103.296623,0,0,
1,3,1,103.362885,0,0,
1,2,1,103.429955,1,0,
1,1,1,103.429955,0,0,
1,0,1,103.496216,0,0,
1,5,1,103.563286,1,0,
1,3,1,103.563286,0,0,
1,5,1,103.629547,0,0,
1,1,1,103.696617,1,0,
1,6,1,103.696617,0,0,
1,4,1,103.762878,0,0,
1,4,1,103.829948,1,0,
1,5,1,103.829948,0,0,
1,5,1,103.896210,0,0,
1,5,1,103.963280,1,0,
1,4,1,103.963280,0,0,
1,1,1,104.096611,1,0,
1,3,1,104.096611,0,0,
1,1,1,104.229942,1,0,
1,4,1,104.229942,0,0,
1,4,1,104.363274,1,0,
1,6,1,104.363274,0,0,
1,6,1,104.429543,0,0,
1,5,1,104.496613,1,0,
1,6,1,104.496613,0,0,
1,2,1,104.562889,0,0,
1,1,1,104.629951,1,0,
1,4,1,104.629951,0,0,
1,3,1,104.718460,0,0,
1,0,1,104.763672,0,0,
1,2,1,104.807358,0,0,
1,6,1,104.896629,1,0,
1,5,1,104.896629,0,0,
1,1,1,104.962929,0,0,
1,4,1,105.029968,1,0,
1,6,1,105.029968,0,0,
1,0,1,105.096275,0,0,
1,4,1,105.163307,1,0,
1,3,1,105.163307,0,0,
1,0,1,105.229622,0,0,
1,5,1,105.296646,1,0,
1,4,1,105.296646,0,0,
1,6,1,105.362968,0,0,
1,1,1,105.429985,1,0,
1,3,1,105.429985,0,0,
1,1,1,105.496307,0,0,
1,3,1,105.563316,1,0,
1,1,1,105.563316,0,0,
1,0,1,105.629639,0,0,
1,1,1,105.696648,1,0,
1,0,1,105.696648,0,0,
1,2,1,105.762970,0,0,
1,0,1,105.829979,1,0,
1,2,1,105.829979,0,0,
1,0,1,105.896301,0,0,
1,0,1,105.963310,1,0,
1,6,1,105.963310,0,0,
1,0,1,106.029633,0,0,
1,5,1,106.096642,1,0,
1,2,1,106.096642,0,0,
1,2,1,106.162964,0,0,
1,0,1,106.229973,1,0,
1,1,1,106.229973,0,0,
1,2,1,106.296295,0,0,
1,6,1,106.363304,1,0,
1,0,1,106.363304,0,0,
1,2,1,106.429626,0,0,
1,1,1,106.496635,1,0,
1,5,1,106.496635,0,0,
1,4,1,106.562958,0,0,
1,5,1,106.629967,1,0,
1,0,1,106.629967,0,0,
1,6,1,106.696289,0,0,
1,2,1,106.763298,1,0,
1,1,1,106.763298,0,0,
1,2,1,106.829620,0,0,
1,6,1,106.896629,1,0,
1,5,1,106.896629,0,0,
1,1,1,106.962952,0,0,
1,2,1,107.029961,1,0,
1,4,1,107.029961,0,0,
1,2,1,107.096283,0,0,
1,0,1,107.163292,1,0,
1,1,1,107.163292,0,0,
1,1,1,107.229614,0,0,
1,1,1,107.296623,1,0,
1,3,1,107.296623,0,0,
1,3,1,107.362946,0,0,
1,5,1,107.429955,1,0,
1,6,1,107.429955,0,0,
1,1,1,107.496277,0,0,
1,1,1,107.563286,1,0,
1,5,1,107.563286,0,0,
1,6,1,107.629608,0,0,
1,4,1,107.696617,1,0,
1,0,1,107.696617,0,0,
1,6,1,107.762939,0,0,
1,0,1,107.829948,1,0,
1,1,1,107.829948,0,0,
1,1,1,107.896271,0,0,
1,6,1,107.963280,1,0,
1,4,1,107.963280,0,0,
1,1,1,108.029602,0,0,
1,4,1,108.096611,1,0,
1,6,1,108.096611,0,0,
1,0,1,108.162933,0,0,
1,3,1,108.229942,1,0,
1,5,1,108.229942,0,0,
1,4,1,108.296265,0,0,
1,1,1,108.363274,1,0,
1,0,1,108.363274,0,0,
1,2,1,108.429596,0,0,
1,5,1,108.496605,1,0,
1,2,1,108.496605,0,0,
1,0,1,108.562927,0,0,
1,6,1,108.629936,1,0,
1,4,1,108.629936,0,0,
1,3,1,108.696259,0,0,
1,5,1,108.763268,1,0,
1,6,1,108.763268,0,0,
1,2,1,108.829590,0,0,
1,1,1,108.896599,1,0,
1,6,1,108.896599,0,0,
1,5,1,108.962921,0,0,
1,5,1,109.029930,1,0,
1,2,1,109.029930,0,0,
1,2,1,109.096252,0,0,
1,1,1,109.163261,1,0,
1,3,1,109.163261,0,0,
1,0,1,109.229584,0,0,
1,1,1,109.296593,1,0,
1,0,1,109.296593,0,0,
1,5,1,109.362915,0,0,
1,2,1,109.429924,1,0,
1,6,1,109.429924,0,0,
1,4,1,109.496246,0,0,
1,3,1,109.563255,1,0,
1,2,1,109.563255,0,0,
1,2,1,109.629578,0,0,
1,1,1,109.696587,1,0,
1,4,1,109.696587,0,0,
1,0,1,109.762909,0,0,
1,6,1,109.829918,1,0,
1,4,1,109.829918,0,0,
1,0,1,109.896240,0,0,
1,4,1,109.963249,1,0,
1,5,1,109.963249,0,0,
1,1,1,110.029572,0,0,
1,2,1,110.096581,1,0,
1,0,1,110.096581,0,0,
1,2,1,110.162903,0,0,
1,4,1,110.229912,1,0,
1,5,1,110.229912,0,0,
1,3,1,110.296234,0,0,
1,4,1,110.363243,1,0,
1,3,1,110.363243,0,0,
1,0,1,110.429565,0,0,
1,6,1,110.496574,1,0,
1,0,1,110.496574,0,0,
1,3,1,110.562897,0,0,
1,6,1,110.629906,1,0,
1,2,1,110.629906,0,0,
1,0,1,110.696228,0,0,
1,3,1,110.763237,1,0,
1,1,1,110.763237,0,0,
1,4,1,110.829559,0,0,
1,5,1,110.896568,1,0,
1,3,1,110.896568,0,0,
1,4,1,110.962891,0,0,
1,2,1,111.029900,1,0,
1,0,1,111.029900,0,0,
1,2,1,111.096222,0,0,
1,3,1,111.163231,1,0,
1,0,1,111.163231,0,0,
1,0,1,111.229553,0,0,
1,4,1,111.296562,1,0,
1,1,1,111.296562,0,0,
1,0,1,111.362885,0,0,
1,2,1,111.429893,1,0,
1,0,1,111.429893,0,0,
1,0,1,111.496216,0,0,
1,3,1,111.563225,1,0,
1,5,1,111.563225,0,0,
1,6,1,111.629547,0,0,
1,3,1,111.696556,1,0,
1,4,1,111.696556,0,0,
1,5,1,111.762878,0,0,
1,5,1,111.829887,1,0,
1,3,1,111.829887,0,0,
1,3,1,111.896210,0,0,
1,0,1,111.963219,1,0,
1,6,1,111.963219,0,0,
1,3,1,112.029541,0,0,
1,4,1,112.096550,1,0,
1,6,1,112.096550,0,0,
1,1,1,112.162872,0,0,
1,2,1,112.229881,1,0,
1,3,1,112.229881,0,0,
1,6,1,112.296204,0,0,
1,1,1,112.363213,1,0,
1,6,1,112.363213,0,0,
1,0,1,112.429535,0,0,
1,0,1,112.496544,1,0,
1,1,1,112.496544,0,0,
1,1,1,112.562866,0,0,
1,2,1,112.629875,1,0,
1,4,1,112.629875,0,0,
1,5,1,112.696198,0,0,
1,5,1,112.763206,1,0,
1,0,1,112.763206,0,0,
1,2,1,112.829529,0,0,
1,3,1,112.896538,1,0,
1,0,1,112.896538,0,0,
1,1,1,115.029869,1,0,
1,3,1,115.029869,0,0,
1,3,1,115.096878,0,0,
1,4,1,115.163544,0,0,
1,2,1,115.230209,0,0,
1,6,1,115.296875,0,0,
1,2,1,115.363541,0,0,
1,3,1,115.430206,0,0,
1,6,1,115.496872,0,0,
1,0,1,115.563538,0,0,
1,4,1,115.630203,0,0,
1,6,1,115.696869,0,0,
1,2,1,115.763535,0,0,
1,1,1,115.830200,0,0,
1,6,1,115.896866,0,0,
1,0,1,115.963531,0,0,
1,1,1,116.030197,0,0,
1,4,1,116.096863,0,0,
1,4,1,116.163528,0,0,
1,6,1,116.230194,0,0,
1,6,1,116.296860,0,0,
1,4,1,116.363525,0,0,
1,6,1,116.430191,0,0,
1,1,1,116.496857,0,0,
1,6,1,116.563522,0,0,
1,5,1,116.630188,0,0,
1,3,1,116.696854,0,0,
1,2,1,116.763519,0,0,
1,0,1,116.830185,0,0,
1,5,1,116.896851,0,0,
1,2,1,116.963516,0,0,
1,5,1,117.030182,0,0,
1,3,1,117.096848,0,0,
1,1,1,117.163185,1,0,
1,3,1,117.163185,0,0,
-1,0,0,0,0,0,