0,0,0,0,0,0,
1,3,1,4.475,0,0,
1,5,1,4.475,0,0,
1,1,1,4.63125,0,0,
1,5,1,4.7875,0,0,
1,1,1,4.94375,0,0,
2,2,1,5.1,1,2.5,
2,4,1,5.1,0,2.5,
1,1,1,7.912501,0,0,
1,6,1,8.06875,0,0,
1,4,1,8.224999,0,0,
1,2,1,8.433331,0,0,
1,3,1,8.641664,0,0,
1,4,1,8.849997,0,0,
1,5,1,9.162495,0,0,
1,1,1,9.474993,0,0,
1,1,1,9.787491,0,0,
1,0,1,10.09999,1,0,
1,3,1,10.09999,0,0,
1,0,1,10.56874,0,0,
1,5,1,11.03749,0,0,
1,6,1,12.6,0,0,
1,2,1,13.85,0,0,
1,2,1,14.16249,0,0,
1,3,1,14.47499,0,0,
1,0,1,14.63124,0,0,
1,5,1,14.78749,0,0,
1,6,1,14.94374,0,0,
2,6,1,15.09999,1,1.25,
2,0,1,15.09999,0,4.36,
2,5,1,16.34999,0,1.25,
2,6,1,17.59999,0,0.63,
2,5,1,18.22499,0,0.63,
2,6,1,18.84999,0,0.63,
1,6,1,19.63124,0,0,
1,4,1,19.78749,0,0,
1,3,1,19.94374,0,0,
1,6,1,20.09999,1,0,
1,4,1,20.09999,0,0,
1,3,1,20.72499,0,0,
1,5,1,21.34999,1,0,
1,1,1,21.34999,0,0,
1,2,1,22.18333,0,0,
1,4,1,22.39166,0,0,
1,5,1,22.6,1,0,
1,6,1,22.6,0,0,
1,0,1,22.91249,0,0,
1,0,1,24.47499,0,0,
1,4,1.3,27.6198,0,0,
1,0,1.3,27.77687,0,0,
1,0,1.3,27.8554,0,0,
1,2,1.3,27.93394,0,0,
1,1,1.3,28.01247,0,0,
1,3,1.3,28.091,0,0,
1,1,1.3,28.16954,0,0,
1,3,1.3,28.24808,1,0,
1,6,1.3,28.24808,0,0,
1,5,1.3,28.40516,0,0,
1,2,1.3,28.56222,1,0,
1,6,1.3,28.56222,0,0,
1,6,1.3,28.71928,1,0,
1,0,1.3,28.71928,0,0,
1,6,1.3,28.87636,0,0,
1,2,1.3,29.03342,1,0,
1,0,1.3,29.03342,0,0,
1,2,1.3,29.1905,0,0,
1,0,1.3,29.34756,1,0,
1,1,1.3,29.34756,0,0,
1,3,1.3,29.50463,0,0,
1,2,1.3,29.66169,1,0,
1,0,1.3,29.66169,0,0,
1,0,1.3,29.81877,0,0,
1,6,1.3,29.97583,1,0,
1,4,1.3,29.97583,0,0,
1,4,1.3,30.13291,0,0,
1,2,1.3,30.28996,1,0,
1,4,1.3,30.28996,0,0,
1,2,1.3,30.44703,1,0,
1,3,1.3,30.44703,0,0,
1,2,1.3,30.52555,0,0,
1,0,1.3,30.6041,1,0,
1,1,1.3,30.6041,0,0,
1,2,1.3,30.68261,0,0,
1,4,1.3,30.76117,1,0,
1,3,1.3,30.76117,0,0,
1,3,1.3,30.91825,0,0,
1,0,1.3,31.0753,1,0,
1,4,1.3,31.0753,0,0,
1,2,1.3,31.23237,1,0,
1,0,1.3,31.23237,0,0,
1,1,1.3,31.38945,0,0,
1,5,1.3,31.5465,1,0,
1,2,1.3,31.5465,0,0,
1,0,1.3,31.70359,0,0,
1,4,1.3,31.86064,1,0,
1,2,1.3,31.86064,0,0,
1,0,1.3,32.01772,0,0,
1,5,1.3,32.17478,1,0,
1,0,1.3,32.17478,0,0,
1,6,1.3,32.33186,0,0,
1,6,1.3,32.48891,1,0,
1,3,1.3,32.48891,0,0,
1,2,1.3,32.64599,0,0,
1,6,1.3,32.80304,1,0,
1,4,1.3,32.80304,0,0,
1,5,1.3,32.96012,0,0,
1,0,1.3,33.11718,1,0,
1,4,1.3,33.11718,0,0,
1,4,1.3,33.27426,0,0,
1,1,1.3,33.43132,0,0,
1,3,1.3,33.58839,0,0,
1,6,1.3,33.74544,1,0,
1,1,1.3,33.74544,0,0,
1,0,1.3,33.82396,0,0,
1,0,1.3,33.90251,1,0,
1,1,1.3,33.90251,0,0,
1,6,1.3,34.05957,1,0,
1,4,1.3,34.05957,0,0,
1,5,1.3,34.21664,1,0,
1,0,1.3,34.21664,0,0,
1,6,1.3,34.37371,1,0,
1,4,1.3,34.37371,0,0,
1,0,1.3,34.53079,0,0,
1,4,1.3,34.68784,1,0,
1,6,1.3,34.68784,0,0,
1,2,1.3,34.84492,0,0,
1,2,1.3,35.00197,1,0,
1,0,1.3,35.00197,0,0,
1,0,1.3,35.15905,0,0,
1,4,1.3,35.3161,1,0,
1,3,1.3,35.3161,0,0,
1,0,1.3,35.47317,1,0,
1,3,1.3,35.47317,0,0,
1,5,1.3,35.63024,1,0,
1,6,1.3,35.63024,0,0,
1,3,1.3,35.78731,1,0,
1,5,1.3,35.78731,0,0,
1,2,1.3,35.94439,0,0,
1,2,1.3,36.10145,0,0,
1,6,1.3,36.25852,0,0,
1,1,1.3,36.57264,1,0,
1,4,1.3,36.57264,0,0,
1,2,1.3,36.7297,1,0,
1,5,1.3,36.7297,0,0,
1,0,1.3,36.88677,1,0,
1,2,1.3,36.88677,0,0,
1,0,1.3,37.20092,0,0,
1,6,1.3,37.35799,0,0,
1,2,1.3,37.51505,0,0,
1,4,1.3,37.6721,1,0,
1,2,1.3,37.6721,0,0,
1,1,1.3,37.82915,0,0,
1,5,1.3,37.90768,0,0,
1,6,1.3,37.98623,1,0,
1,2,1.3,37.98623,0,0,
1,2,1.3,38.06475,0,0,
1,1,1.3,38.14328,0,0,
1,5,1.3,38.22181,0,0,
1,0,1.3,38.30037,1,0,
1,6,1.3,38.30037,0,0,
1,2,1.3,38.45745,0,0,
1,0,1.3,38.6145,1,0,
1,3,1.3,38.6145,0,0,
1,6,1.3,38.77156,1,0,
1,3,1.3,38.77156,0,0,
1,5,1.3,38.92865,0,0,
1,0,1.3,39.0857,1,0,
1,6,1.3,39.0857,0,0,
1,1,1.3,39.24278,0,0,
1,3,1.3,39.39983,1,0,
1,2,1.3,39.39983,0,0,
1,3,1.3,39.55691,0,0,
1,2,1.3,39.71396,1,0,
1,1,1.3,39.71396,0,0,
1,1,1.3,39.87105,0,0,
1,5,1.3,40.0281,1,0,
1,2,1.3,40.0281,0,0,
1,0,1.3,40.18518,0,0,
1,5,1.3,40.34223,1,0,
1,4,1.3,40.34223,0,0,
1,6,1.3,40.49929,1,0,
1,5,1.3,40.49929,0,0,
1,5,1.3,40.57781,0,0,
1,0,1.3,40.65636,1,0,
1,4,1.3,40.65636,0,0,
1,4,1.3,40.73487,0,0,
1,1,1.3,40.81343,1,0,
1,4,1.3,40.81343,0,0,
1,2,1.3,40.97051,0,0,
1,6,1.3,41.12756,1,0,
1,3,1.3,41.12756,0,0,
1,3,1.3,41.28463,1,0,
1,4,1.3,41.28463,0,0,
1,4,1.3,41.44171,0,0,
1,6,1.3,41.59876,1,0,
1,1,1.3,41.59876,0,0,
1,5,1.3,41.75584,0,0,
1,1,1.3,41.91289,1,0,
1,0,1.3,41.91289,0,0,
1,6,1.3,42.06997,0,0,
1,4,1.3,42.22702,1,0,
1,6,1.3,42.22702,0,0,
1,6,1.3,42.38411,0,0,
1,2,1.3,42.54116,1,0,
1,3,1.3,42.54116,0,0,
1,2,1.3,42.69824,0,0,
1,6,1.3,42.85529,1,0,
1,3,1.3,42.85529,0,0,
1,0,1.3,43.01237,0,0,
1,4,1.3,43.16942,1,0,
1,5,1.3,43.16942,0,0,
1,0,1.3,43.24793,0,0,
1,4,1.3,43.32649,1,0,
1,0,1.3,43.32649,0,0,
1,1,1.3,43.48357,0,0,
1,0,1.3,43.64063,0,0,
1,1,1.3,43.7977,0,0,
1,4,1.3,43.95477,0,0,
1,5,1.3,44.11182,1,0,
1,2,1.3,44.11182,0,0,
1,0,1.3,44.26889,1,0,
1,5,1.3,44.26889,0,0,
1,0,1.3,44.42595,1,0,
1,1,1.3,44.42595,0,0,
1,1,1.3,44.58303,0,0,
1,5,1.3,44.7401,0,0,
1,5,1.3,44.89717,0,0,
1,4,1.3,45.05423,0,0,
1,2,1.3,45.2113,0,0,
1,1,1.3,45.36835,1,0,
1,5,1.3,45.36835,0,0,
1,2,1.3,45.52542,1,0,
1,1,1.3,45.52542,0,0,
1,1,1.3,45.68248,1,0,
1,6,1.3,45.68248,0,0,
1,1,1.3,45.83957,0,0,
1,2,1.3,45.99663,0,0,
1,6,1.3,46.15369,0,0,
1,1,1.3,46.31076,0,0,
1,5,1.3,46.46783,0,0,
1,6,1.3,46.6249,0,0,
1,4,1.3,46.78196,0,0,
1,2,1.3,46.93903,0,0,
1,1,1.3,47.09609,1,0,
1,4,1.3,47.09609,0,0,
1,4,1.3,47.17461,0,0,
1,1,1.3,47.25314,0,0,
1,2,1.3,47.33167,0,0,
1,4,1.3,47.41021,0,0,
1,1,1.3,47.48874,0,0,
1,4,1.3,47.56728,0,0,
1,3,1.3,47.64581,0,0,
1,1,1.3,47.72434,0,0,
1,0,1.3,47.80288,0,0,
1,5,1.3,47.88141,0,0,
1,5,1.3,47.95994,0,0,
1,1,1.3,48.03849,0,0,
1,5,1.3,48.11703,0,0,
1,0,1.3,48.19556,0,0,
1,6,1.3,48.27409,0,0,
1,5,1.3,48.35263,0,0,
1,5,1.3,48.66675,1,0,
1,4,1.3,48.66675,0,0,
1,3,1.3,48.98089,0,0,
1,6,1.3,49.13795,1,0,
1,2,1.3,49.13795,0,0,
1,6,1.3,49.29502,1,0,
1,2,1.3,49.29502,0,0,
1,2,1.3,49.45208,1,0,
1,1,1.3,49.45208,0,0,
1,2,1.3,49.76622,1,0,
1,0,1.3,49.76622,0,0,
1,0,1.3,49.92329,0,0,
1,6,1.3,50.08034,0,0,
1,3,1.3,50.39449,0,0,
1,4,1.3,50.55156,0,0,
1,4,1.3,50.70862,0,0,
1,4,1.3,50.86569,0,0,
1,4,1.3,51.17981,1,0,
1,6,1.3,51.17981,0,0,
1,1,1.3,51.49395,1,0,
1,4,1.3,51.49395,0,0,
1,0,1.3,51.65101,1,0,
1,3,1.3,51.65101,0,0,
1,2,1.3,51.80808,1,0,
1,1,1.3,51.80808,0,0,
1,4,1.3,51.96515,1,0,
1,6,1.3,51.96515,0,0,
1,4,1.3,52.12222,0,0,
1,0,1.3,52.27928,1,0,
1,3,1.3,52.27928,0,0,
1,5,1.3,52.43634,1,0,
1,6,1.3,52.43634,0,0,
1,5,1.3,52.5934,0,0,
1,2,1.3,52.75047,0,0,
1,5,1.3,52.829,0,0,
1,4,1.3,52.90755,1,0,
1,3,1.3,52.90755,0,0,
1,4,1.3,52.98606,0,0,
1,4,1.3,53.06461,1,0,
1,6,1.3,53.06461,0,0,
1,1,1.3,53.14313,0,0,
1,3,1.3,53.22166,0,0,
1,4,1.3,53.37875,0,0,
1,5,1.3,53.53582,0,0,
1,2,1.3,53.69287,1,0,
1,0,1.3,53.69287,0,0,
1,6,1.3,53.84995,0,0,
1,0,1.3,54.00701,1,0,
1,3,1.3,54.00701,0,0,
1,4,1.3,54.16407,1,0,
1,3,1.3,54.16407,0,0,
1,3,1.3,54.32114,1,0,
1,5,1.3,54.32114,0,0,
1,2,1.3,54.47821,1,0,
1,5,1.3,54.47821,0,0,
1,1,1.3,54.63527,1,0,
1,6,1.3,54.63527,0,0,
1,1,1.3,54.71379,0,0,
1,3,1.3,54.79234,1,0,
1,5,1.3,54.79234,0,0,
1,0,1.3,54.87086,0,0,
1,0,1.3,54.94941,1,0,
1,2,1.3,54.94941,0,0,
1,6,1.3,55.02793,0,0,
1,3,1.3,55.10647,1,0,
1,5,1.3,55.10647,0,0,
1,2,1.3,55.18499,0,0,
1,2,1.3,55.26354,1,0,
1,3,1.3,55.26354,0,0,
1,2,1.3,55.34206,0,0,
1,3,1.3,55.42061,1,0,
1,4,1.3,55.42061,0,0,
1,5,1.3,55.49913,0,0,
1,4,1.3,55.57767,1,0,
1,6,1.3,55.57767,0,0,
1,2,1.3,55.65619,0,0,
1,3,1.3,55.73474,1,0,
1,4,1.3,55.73474,0,0,
1,2,1.3,55.81326,0,0,
1,4,1.3,55.8918,1,0,
1,5,1.3,55.8918,0,0,
1,4,1.3,56.04887,1,0,
1,0,1.3,56.04887,0,0,
1,1,1.3,56.20594,1,0,
1,6,1.3,56.20594,0,0,
1,2,1.3,56.363,1,0,
1,0,1.3,56.363,0,0,
1,5,1.3,56.44152,0,0,
1,2,1.3,56.52007,1,0,
1,6,1.3,56.52007,0,0,
1,1,1.3,56.67713,1,0,
1,3,1.3,56.67713,0,0,
1,4,1.3,56.8342,1,0,
1,0,1.3,56.8342,0,0,
1,1,1.3,56.91272,0,0,
1,6,1.3,56.99127,1,0,
1,4,1.3,56.99127,0,0,
1,3,1.3,57.06979,0,0,
1,0,1.3,57.14833,1,0,
1,1,1.3,57.14833,0,0,
1,0,1.3,57.3054,1,0,
1,4,1.3,57.3054,0,0,
1,3,1.3,57.38392,0,0,
1,3,1.3,57.46247,1,0,
1,4,1.3,57.46247,0,0,
1,3,1.3,57.61953,1,0,
1,2,1.3,57.61953,0,0,
1,4,1.3,57.7766,1,0,
1,2,1.3,57.7766,0,0,
1,3,1.3,57.85512,0,0,
1,2,1.3,57.93367,1,0,
1,1,1.3,57.93367,0,0,
1,4,1.3,58.01219,0,0,
1,3,1.3,58.09073,1,0,
1,6,1.3,58.09073,0,0,
1,3,1.3,58.16925,0,0,
1,4,1.3,58.2478,1,0,
1,3,1.3,58.2478,0,0,
1,1,1.3,58.32632,0,0,
1,6,1.3,58.719,1,0,
1,1,1.3,58.719,0,0,
1,1,1.3,59.03314,0,0,
1,0,1.3,59.19019,1,0,
1,1,1.3,59.19019,0,0,
1,0,1.3,59.34726,1,0,
1,4,1.3,59.34726,0,0,
1,0,1.3,59.50433,1,0,
1,5,1.3,59.50433,0,0,
1,3,1.3,59.81846,1,0,
1,5,1.3,59.81846,0,0,
1,6,1.3,59.97554,0,0,
1,6,1.3,60.13258,0,0,
1,1,1.3,60.44674,0,0,
1,1,1.3,60.6038,0,0,
1,2,1.3,60.76087,0,0,
1,0,1.3,60.91793,0,0,
1,1,1.3,61.23206,1,0,
1,0,1.3,61.23206,0,0,
1,6,1.3,61.54619,1,0,
1,5,1.3,61.54619,0,0,
1,2,1.3,61.70325,1,0,
1,1,1.3,61.70325,0,0,
1,3,1.3,61.86032,1,0,
1,5,1.3,61.86032,0,0,
1,6,1.3,62.01739,1,0,
1,2,1.3,62.01739,0,0,
1,6,1.3,62.33152,1,0,
1,5,1.3,62.33152,0,0,
1,1,1.3,62.41004,0,0,
1,5,1.3,62.48859,1,0,
1,4,1.3,62.48859,0,0,
1,1,1.3,62.64565,0,0,
1,6,1.3,62.80271,0,0,
1,0,1.3,62.88124,0,0,
1,3,1.3,62.95979,1,0,
1,4,1.3,62.95979,0,0,
1,3,1.3,63.03831,0,0,
1,4,1.3,63.11686,1,0,
1,1,1.3,63.11686,0,0,
1,0,1.3,63.19538,0,0,
1,6,1.3,63.27391,0,0,
1,2,1.3,63.35244,0,0,
1,6,1.3,63.43099,1,0,
1,5,1.3,63.43099,0,0,
1,6,1.3,63.58806,0,0,
1,0,1.3,63.74512,1,0,
1,2,1.3,63.74512,0,0,
1,5,1.3,63.90219,0,0,
1,6,1.3,64.05925,1,0,
1,3,1.3,64.05925,0,0,
1,6,1.3,64.21632,1,0,
1,4,1.3,64.21632,0,0,
1,5,1.3,64.37338,1,0,
1,4,1.3,64.37338,0,0,
1,0,1.3,64.53045,1,0,
1,4,1.3,64.53045,0,0,
1,1,1.3,64.68752,1,0,
1,2,1.3,64.68752,0,0,
1,5,1.3,64.76604,0,0,
1,2,1.3,64.84459,1,0,
1,0,1.3,64.84459,0,0,
1,5,1.3,64.92312,0,0,
1,3,1.3,65.00166,1,0,
1,1,1.3,65.00166,0,0,
1,6,1.3,65.08019,0,0,
1,5,1.3,65.15872,1,0,
1,3,1.3,65.15872,0,0,
1,6,1.3,65.23727,0,0,
1,6,1.3,65.3158,1,0,
1,5,1.3,65.3158,0,0,
1,1,1.3,65.39434,0,0,
1,6,1.3,65.47287,1,0,
1,2,1.3,65.47287,0,0,
1,5,1.3,65.55141,0,0,
1,4,1.3,65.62994,1,0,
1,6,1.3,65.62994,0,0,
1,6,1.3,65.70849,0,0,
1,6,1.3,65.787,1,0,
1,4,1.3,65.787,0,0,
1,3,1.3,65.86556,0,0,
1,1,1.3,65.94408,1,0,
1,5,1.3,65.94408,0,0,
1,0,1.3,66.10115,1,0,
1,2,1.3,66.10115,0,0,
1,2,1.3,66.25822,1,0,
1,6,1.3,66.25822,0,0,
1,4,1.3,66.41525,0,0,
1,6,1.3,66.57236,1,0,
1,1,1.3,66.57236,0,0,
1,0,1.3,66.72943,1,0,
1,4,1.3,66.72943,0,0,
1,5,1.3,66.8865,1,0,
1,3,1.3,66.8865,0,0,
1,4,1.3,66.96508,0,0,
1,4,1.3,67.04356,1,0,
1,3,1.3,67.04356,0,0,
1,6,1.3,67.12215,0,0,
1,6,1.3,67.20064,1,0,
1,3,1.3,67.20064,0,0,
1,3,1.3,67.27922,0,0,
1,0,1.3,67.3577,1,0,
1,5,1.3,67.3577,0,0,
1,6,1.3,67.43628,0,0,
1,4,1.3,67.51476,1,0,
1,0,1.3,67.51476,0,0,
1,6,1.3,67.59334,0,0,
1,2,1.3,67.67183,1,0,
1,0,1.3,67.67183,0,0,
1,5,1.3,67.7504,0,0,
1,1,1.3,67.82889,1,0,
1,2,1.3,67.82889,0,0,
1,6,1.3,67.88128,0,0,
1,4,1.3,67.93363,0,0,
1,6,1.3,67.98595,1,0,
1,5,1.3,67.98595,0,0,
1,3,1.3,68.03834,0,0,
1,5,1.3,68.09069,0,0,
1,2,1.3,68.14301,1,0,
1,4,1.3,68.14301,0,0,
1,1,1.3,68.1954,0,0,
1,0,1.3,68.24775,0,0,
1,4,1.3,68.30008,1,0,
1,6,1.3,68.30008,0,0,
1,5,1.3,68.35246,0,0,
1,2,1.3,68.40481,0,0,
1,4,1.3,68.45716,1,0,
1,0,1.3,68.45716,0,0,
1,2,1.3,68.61418,0,0,
1,4,1.3,68.77125,0,0,
1,2,1.3,68.92831,0,0,
1,4,1.3,69.08538,0,0,
1,6,1.3,69.24247,1,0,
1,0,1.3,69.24247,0,0,
1,0,1.3,69.39954,1,0,
1,3,1.3,69.39954,0,0,
1,5,1.3,69.5566,1,0,
1,3,1.3,69.5566,0,0,
1,3,1.3,69.71367,1,0,
1,5,1.3,69.71367,0,0,
1,6,1.3,69.87074,1,0,
1,2,1.3,69.87074,0,0,
1,3,1.3,69.9493,0,0,
1,1,1.3,70.02778,0,0,
1,0,1.3,70.10638,0,0,
1,6,1.3,70.18488,1,0,
1,4,1.3,70.18488,0,0,
1,0,1.3,70.34195,1,0,
1,3,1.3,70.34195,0,0,
1,4,1.3,70.42052,0,0,
1,6,1.3,70.49898,0,0,
1,5,1.3,70.5776,0,0,
1,1,1.3,70.65609,1,0,
1,4,1.3,70.65609,0,0,
1,4,1.3,70.73467,0,0,
1,1,1.3,70.81316,1,0,
1,0,1.3,70.81316,0,0,
1,2,1.3,70.89175,0,0,
1,3,1.3,70.97023,1,0,
1,0,1.3,70.97023,0,0,
1,4,1.3,71.12724,0,0,
1,5,1.3,71.28431,0,0,
1,2,1.3,71.44139,0,0,
1,6,1.3,71.59844,0,0,
1,5,1.3,71.75551,0,0,
1,6,1.3,71.91258,0,0,
1,6,1.3,72.06964,0,0,
1,1,1.3,72.22677,1,0,
1,6,1.3,72.22677,0,0,
1,5,1.3,72.30537,0,0,
1,2,1.3,72.38383,1,0,
1,1,1.3,72.38383,0,0,
1,3,1.3,72.46244,0,0,
1,1,1.3,72.54091,1,0,
1,2,1.3,72.54091,0,0,
1,1,1.3,72.61951,0,0,
1,1,1.3,72.69798,1,0,
1,4,1.3,72.69798,0,0,
1,5,1.3,72.7766,0,0,
1,2,1.3,72.85505,1,0,
1,6,1.3,72.85505,0,0,
1,5,1.3,72.93366,0,0,
1,5,1.3,73.01212,1,0,
1,1,1.3,73.01212,0,0,
1,5,1.3,73.09074,0,0,
1,1,1.3,73.16919,1,0,
1,0,1.3,73.16919,0,0,
1,5,1.3,73.24781,0,0,
1,3,1.3,73.32626,1,0,
1,5,1.3,73.32626,0,0,
1,3,1.3,73.48333,1,0,
1,4,1.3,73.48333,0,0,
1,3,1.3,73.6403,0,0,
1,5,1.3,73.79737,0,0,
1,0,1.3,73.95444,0,0,
1,1,1.3,74.1115,0,0,
1,4,1.3,74.26866,1,0,
1,5,1.3,74.26866,0,0,
1,2,1.3,74.42573,1,0,
1,3,1.3,74.42573,0,0,
1,1,1.3,74.58279,1,0,
1,6,1.3,74.58279,0,0,
1,3,1.3,74.73986,1,0,
1,0,1.3,74.73986,0,0,
1,6,1.3,74.81849,0,0,
1,2,1.3,74.89693,1,0,
1,6,1.3,74.89693,0,0,
1,1,1.3,74.97557,0,0,
1,4,1.3,75.054,1,0,
1,0,1.3,75.054,0,0,
1,3,1.3,75.13264,0,0,
1,2,1.3,75.21107,1,0,
1,5,1.3,75.21107,0,0,
1,3,1.3,75.28971,0,0,
1,5,1.3,75.36815,1,0,
1,0,1.3,75.36815,0,0,
1,2,1.3,75.44678,0,0,
1,1,1.3,75.52521,1,0,
1,5,1.3,75.52521,0,0,
1,6,1.3,75.60385,0,0,
1,1,1.3,75.68228,1,0,
1,0,1.3,75.68228,0,0,
1,2,1.3,75.76093,0,0,
1,5,1.3,75.83936,1,0,
1,2,1.3,75.83936,0,0,
1,4,1.3,75.91801,0,0,
1,5,1.3,75.99642,1,0,
1,1,1.3,75.99642,0,0,
1,5,1.3,76.15337,0,0,
1,6,1.3,76.31043,0,0,
1,5,1.3,76.4675,0,0,
1,2,1.3,76.62457,0,0,
1,3,1.3,76.78163,0,0,
1,0,1.3,76.93884,1,0,
1,5,1.3,76.93884,0,0,
1,3,1.3,77.01752,0,0,
1,6,1.3,77.09592,1,0,
1,1,1.3,77.09592,0,0,
1,1,1.3,77.1746,0,0,
1,6,1.3,77.25298,1,0,
1,5,1.3,77.25298,0,0,
1,0,1.3,77.4099,0,0,
1,0,1.3,77.56712,1,0,
1,3,1.3,77.56712,0,0,
1,0,1.3,77.64582,0,0,
1,3,1.3,77.7242,1,0,
1,1,1.3,77.7242,0,0,
1,1,1.3,77.80289,0,0,
1,3,1.3,77.88126,1,0,
1,2,1.3,77.88126,0,0,
1,4,1.3,77.95997,0,0,
1,5,1.3,78.03833,1,0,
1,1,1.3,78.03833,0,0,
1,3,1.3,78.11703,0,0,
1,2,1.3,78.1954,1,0,
1,0,1.3,78.1954,0,0,
1,3,1.3,78.27412,0,0,
1,6,1.3,78.35248,1,0,
1,5,1.3,78.35248,0,0,
1,1,1.3,78.43119,0,0,
1,5,1.3,78.50954,1,0,
1,3,1.3,78.50954,0,0,
1,2,1.3,78.66643,0,0,
1,2,1.3,78.82349,0,0,
1,0,1.3,78.98056,0,0,
1,4,1.3,79.13763,0,0,
1,6,1.3,79.29488,1,0,
1,2,1.3,79.29488,0,0,
1,5,1.3,79.45194,1,0,
1,3,1.3,79.45194,0,0,
1,0,1.3,79.60901,1,0,
1,5,1.3,79.60901,0,0,
1,2,1.3,79.76608,1,0,
1,6,1.3,79.76608,0,0,
1,1,1.3,79.92314,1,0,
1,2,1.3,79.92314,0,0,
1,3,1.3,80.00187,0,0,
1,4,1.3,80.08002,0,0,
1,4,1.3,80.15894,0,0,
1,3,1.3,80.23729,1,0,
1,5,1.3,80.23729,0,0,
1,6,1.3,80.39436,1,0,
1,2,1.3,80.39436,0,0,
1,2,1.3,80.47309,0,0,
1,2,1.3,80.55122,0,0,
1,5,1.3,80.63017,0,0,
1,5,1.3,80.7085,1,0,
1,6,1.3,80.7085,0,0,
1,6,1.3,80.78724,0,0,
1,5,1.3,80.86557,1,0,
1,2,1.3,80.86557,0,0,
1,3,1.3,80.94432,0,0,
1,3,1.3,81.02264,1,0,
1,0,1.3,81.02264,0,0,
1,6,1.3,81.17949,0,0,
1,5,1.3,81.33678,1,0,
1,2,1.3,81.33678,0,0,
1,6,1.3,81.41553,0,0,
1,5,1.3,81.49385,1,0,
1,4,1.3,81.49385,0,0,
1,5,1.3,81.5726,0,0,
1,6,1.3,81.65092,1,0,
1,3,1.3,81.65092,0,0,
1,3,1.3,81.72968,0,0,
1,2,1.3,81.80798,1,0,
1,0,1.3,81.80798,0,0,
1,5,1.3,81.88676,0,0,
1,1,1.3,81.96506,1,0,
1,5,1.3,81.96506,0,0,
1,1,1.3,82.04383,0,0,
1,4,1.3,82.12213,1,0,
1,6,1.3,82.12213,0,0,
1,1,1.3,82.20091,0,0,
1,4,1.3,82.2792,1,0,
1,2,1.3,82.2792,0,0,
1,6,1.3,82.43602,0,0,
1,6,1.3,82.59334,1,0,
1,1,1.3,82.59334,0,0,
1,0,1.3,82.67213,0,0,
1,2,1.3,82.75041,1,0,
1,0,1.3,82.75041,0,0,
1,3,1.3,82.82919,0,0,
1,5,1.3,82.90748,1,0,
1,2,1.3,82.90748,0,0,
1,2,1.3,82.98627,0,0,
1,4,1.3,83.06454,1,0,
1,6,1.3,83.06454,0,0,
1,2,1.3,83.14335,0,0,
1,0,1.3,83.22162,1,0,
1,1,1.3,83.22162,0,0,
1,2,1.3,83.30042,0,0,
1,5,1.3,83.37869,1,0,
1,0,1.3,83.37869,0,0,
1,3,1.3,83.4575,0,0,
1,0,1.3,83.53576,1,0,
1,4,1.3,83.53576,0,0,
1,6,1.3,83.69255,0,0,
1,2,1.3,83.84962,0,0,
1,5,1.3,84.00668,0,0,
1,2,1.3,84.16405,1,0,
1,1,1.3,84.16405,0,0,
1,3,1.3,84.24287,0,0,
1,4,1.3,84.32111,1,0,
1,1,1.3,84.32111,0,0,
1,2,1.3,84.39994,0,0,
1,5,1.3,84.47818,1,0,
1,6,1.3,84.47818,0,0,
1,6,1.3,84.55701,0,0,
1,4,1.3,84.63525,1,0,
1,0,1.3,84.63525,0,0,
1,2,1.3,84.7141,0,0,
1,1,1.3,84.79232,1,0,
1,0,1.3,84.79232,0,0,
1,5,1.3,84.94908,0,0,
1,6,1.3,85.10615,0,0,
1,4,1.3,85.26352,1,0,
1,2,1.3,85.26352,0,0,
1,2,1.3,85.34238,0,0,
1,4,1.3,85.4206,1,0,
1,0,1.3,85.4206,0,0,
1,1,1.3,85.57735,0,0,
1,4,1.3,85.73474,1,0,
1,6,1.3,85.73474,0,0,
1,0,1.3,85.81361,0,0,
1,4,1.3,85.89183,1,0,
1,1,1.3,85.89183,0,0,
1,4,1.3,85.97069,0,0,
1,5,1.3,86.04888,1,0,
1,3,1.3,86.04888,0,0,
1,6,1.3,86.20561,0,0,
1,6,1.3,86.36268,0,0,
1,4,1.3,86.51974,0,0,
1,3,1.3,86.67681,0,0,
1,1,1.3,86.83388,0,0,
1,5,1.3,86.99128,1,0,
1,6,1.3,86.99128,0,0,
1,4,1.3,87.14801,0,0,
1,1,1.3,87.30541,1,0,
1,3,1.3,87.30541,0,0,
1,5,1.3,87.6199,0,0,
1,3,1.3,87.65916,0,0,
1,5,1.3,87.69843,0,0,
1,2,1.3,87.7377,0,0,
1,1,1.3,87.77697,0,0,
1,3,1.3,87.81624,0,0,
1,6,1.3,87.85551,0,0,
1,4,1.3,87.89478,0,0,
1,6,1.3,87.93404,0,0,
1,2,1.3,87.97331,0,0,
1,0,1.3,88.01258,0,0,
1,6,1.3,88.05185,0,0,
1,2,1.3,88.09112,0,0,
1,3,1.3,88.13039,0,0,
1,2,1.3,88.16966,0,0,
1,0,1.3,88.20892,0,0,
1,4,1.3,88.24819,0,0,
1,2,1.3,88.28746,0,0,
1,3,1.3,88.32673,0,0,
1,5,1.3,88.366,0,0,
1,3,1.3,88.40527,0,0,
1,4,1.3,88.44453,0,0,
1,4,1.3,88.4838,0,0,
1,4,1.3,88.52307,0,0,
1,3,1.3,88.56197,1,0,
1,0,1.3,88.56197,0,0,
1,3,1.3,88.87574,0,0,
1,6,1.3,89.18987,0,0,
1,4,1.3,89.504,0,0,
1,6,1.3,89.81851,1,0,
1,0,1.3,89.81851,0,0,
1,2,1.3,90.13227,0,0,
1,6,1.3,90.44678,1,0,
1,1,1.3,90.44678,0,0,
1,2,1.3,90.76054,0,0,
1,5,1.3,91.07504,1,0,
1,1,1.3,91.07504,0,0,
1,3,1.3,91.3888,0,0,
1,2,1.3,91.70293,0,0,
1,5,1.3,92.01707,0,0,
1,4,1.3,92.33159,1,0,
1,1,1.3,92.33159,0,0,
1,3,1.3,92.64533,0,0,
1,4,1.3,92.95947,0,0,
1,6,1.3,93.2736,0,0,
1,2,1.3,93.58813,1,0,
1,1,1.3,93.58813,0,0,
1,2,1.3,93.90186,0,0,
1,1,1.3,94.216,0,0,
1,6,1.3,94.53012,0,0,
1,6,1.3,94.84426,0,0,
1,3,1.3,95.15839,0,0,
1,5,1.3,95.47293,1,0,
1,2,1.3,95.47293,0,0,
1,1,1.3,95.78666,0,0,
1,2,1.3,96.1012,1,0,
1,4,1.3,96.1012,0,0,
1,1,1.3,96.41492,0,0,
1,2,1.3,96.72906,0,0,
1,6,1.3,97.0432,0,0,
1,4,1.3,97.35732,0,0,
1,4,1.3,97.67146,0,0,
1,2,1.3,97.98601,1,0,
1,1,1.3,97.98601,0,0,
1,2,1.3,98.29972,0,0,
1,0,1.3,98.61428,1,0,
1,6,1.3,98.61428,0,0,
1,0,1.3,98.69324,0,0,
1,3,1.3,98.77135,1,0,
1,0,1.3,98.77135,0,0,
1,1,1.3,98.85033,0,0,
1,2,1.3,98.92842,1,0,
1,0,1.3,98.92842,0,0,
1,5,1.3,99.00739,0,0,
1,1,1.3,99.08549,1,0,
1,2,1.3,99.08549,0,0,
1,3,1.3,99.16447,0,0,
1,5,1.3,99.24256,1,0,
1,2,1.3,99.24256,0,0,
1,2,1.3,99.39963,1,0,
1,4,1.3,99.39963,0,0,
1,3,1.3,99.55624,0,0,
1,1,1.3,99.71378,1,0,
1,2,1.3,99.71378,0,0,
1,1,1.3,99.87084,1,0,
1,0,1.3,99.87084,0,0,
1,4,1.3,99.94984,0,0,
1,4,1.3,100.0279,1,0,
1,6,1.3,100.0279,0,0,
1,6,1.3,100.1069,0,0,
1,0,1.3,100.185,1,0,
1,3,1.3,100.185,0,0,
1,4,1.3,100.264,0,0,
1,2,1.3,100.3421,1,0,
1,0,1.3,100.3421,0,0,
1,6,1.3,100.4211,0,0,
1,4,1.3,100.4991,1,0,
1,2,1.3,100.4991,0,0,
1,0,1.3,100.5781,0,0,
1,2,1.3,100.6562,1,0,
1,3,1.3,100.6562,0,0,
1,4,1.3,100.7352,0,0,
1,0,1.3,100.8133,1,0,
1,6,1.3,100.8133,0,0,
1,0,1.3,100.8923,0,0,
1,1,1.3,100.9703,1,0,
1,3,1.3,100.9703,0,0,
1,2,1.3,101.1274,1,0,
1,3,1.3,101.1274,0,0,
1,0,1.3,101.2064,0,0,
1,1,1.3,101.2845,1,0,
1,5,1.3,101.2845,0,0,
1,0,1.3,101.3635,0,0,
1,2,1.3,101.4415,1,0,
1,4,1.3,101.4415,0,0,
1,3,1.3,101.5986,1,0,
1,1,1.3,101.5986,0,0,
1,4,1.3,101.6777,0,0,
1,4,1.3,101.7557,1,0,
1,1,1.3,101.7557,0,0,
1,1,1.3,101.8347,0,0,
1,6,1.3,101.9128,1,0,
1,5,1.3,101.9128,0,0,
1,4,1.3,102.0698,1,0,
1,2,1.3,102.0698,0,0,
1,0,1.3,102.1489,0,0,
1,3,1.3,102.2269,1,0,
1,2,1.3,102.2269,0,0,
1,2,1.3,102.3059,0,0,
1,4,1.3,102.384,1,0,
1,2,1.3,102.384,0,0,
1,1,1.3,102.5405,0,0,
1,4,1.3,102.6981,1,0,
1,3,1.3,102.6981,0,0,
1,4,1.3,102.7772,0,0,
1,4,1.3,102.8552,1,0,
1,0,1.3,102.8552,0,0,
1,5,1.3,102.9342,0,0,
1,2,1.3,103.0122,1,0,
1,4,1.3,103.0122,0,0,
1,0,1.3,103.0913,0,0,
1,5,1.3,103.1693,1,0,
1,6,1.3,103.1693,0,0,
1,6,1.3,103.2484,0,0,
1,1,1.3,103.3264,1,0,
1,2,1.3,103.3264,0,0,
1,0,1.3,103.4055,0,0,
1,5,1.3,103.4835,1,0,
1,0,1.3,103.4835,0,0,
1,1,1.3,103.5625,0,0,
1,4,1.3,103.6405,1,0,
1,3,1.3,103.6405,0,0,
1,4,1.3,103.7196,0,0,
1,4,1.3,103.7976,1,0,
1,0,1.3,103.7976,0,0,
1,3,1.3,103.8767,0,0,
1,4,1.3,103.9547,1,0,
1,3,1.3,103.9547,0,0,
1,5,1.3,104.0338,0,0,
1,0,1.3,104.1117,1,0,
1,4,1.3,104.1117,0,0,
1,6,1.3,104.1908,0,0,
1,0,1.3,104.2688,1,0,
1,3,1.3,104.2688,0,0,
1,3,1.3,104.4259,1,0,
1,2,1.3,104.4259,0,0,
1,2,1.3,104.505,0,0,
1,2,1.3,104.5829,1,0,
1,5,1.3,104.5829,0,0,
1,1,1.3,104.6621,0,0,
1,4,1.3,104.74,1,0,
1,1,1.3,104.74,0,0,
1,2,1.3,104.8965,0,0,
1,1,1.3,105.0536,0,0,
1,1,1.3,105.2112,1,0,
1,3,1.3,105.2112,0,0,
1,1,1.3,105.2904,0,0,
1,4,1.3,105.3683,1,0,
1,6,1.3,105.3683,0,0,
1,3,1.3,105.4474,0,0,
1,0,1.3,105.5254,1,0,
1,1,1.3,105.5254,0,0,
1,0,1.3,105.6045,0,0,
1,6,1.3,105.6824,1,0,
1,4,1.3,105.6824,0,0,
1,3,1.3,105.7616,0,0,
1,0,1.3,105.8395,1,0,
1,2,1.3,105.8395,0,0,
1,4,1.3,105.9186,0,0,
1,0,1.3,105.9966,1,0,
1,5,1.3,105.9966,0,0,
1,0,1.3,106.0757,0,0,
1,1,1.3,106.1536,1,0,
1,6,1.3,106.1536,0,0,
1,4,1.3,106.2328,0,0,
1,6,1.3,106.3107,1,0,
1,1,1.3,106.3107,0,0,
1,2,1.3,106.3899,0,0,
1,4,1.3,106.4678,1,0,
1,6,1.3,106.4678,0,0,
1,1,1.3,106.5469,0,0,
1,1,1.3,106.6249,1,0,
1,0,1.3,106.6249,0,0,
1,3,1.3,106.704,0,0,
1,4,1.3,106.7819,1,0,
1,6,1.3,106.7819,0,0,
1,6,1.3,106.939,1,0,
1,1,1.3,106.939,0,0,
1,5,1.3,107.0182,0,0,
1,5,1.3,107.0961,1,0,
1,0,1.3,107.0961,0,0,
1,5,1.3,107.1752,0,0,
1,5,1.3,107.2531,1,0,
1,0,1.3,107.2531,0,0,
1,3,1.3,107.4102,1,0,
1,6,1.3,107.4102,0,0,
1,0,1.3,107.4894,0,0,
1,5,1.3,107.5673,1,0,
1,4,1.3,107.5673,0,0,
1,0,1.3,107.6465,0,0,
1,1,1.3,107.7243,1,0,
1,5,1.3,107.7243,0,0,
1,4,1.3,107.8035,0,0,
1,2,1.3,107.8814,1,0,
1,5,1.3,107.8814,0,0,
1,4,1.3,107.9606,0,0,
1,6,1.3,108.0385,1,0,
1,4,1.3,108.0385,0,0,
1,3,1.3,108.1177,0,0,
1,3,1.3,108.1956,1,0,
1,0,1.3,108.1956,0,0,
1,0,1.3,108.2747,0,0,
1,0,1.3,108.3526,1,0,
1,6,1.3,108.3526,0,0,
1,0,1.3,108.4318,0,0,
1,3,1.3,108.5097,1,0,
1,2,1.3,108.5097,0,0,
1,1,1.3,108.5889,0,0,
1,4,1.3,108.6661,0,0,
1,2,1.3,108.9802,0,0,
1,0,1.3,109.1373,0,0,
1,5,1.3,109.2159,0,0,
1,0,1.3,109.2944,0,0,
1,6,1.3,109.3729,0,0,
1,0,1.3,109.4515,0,0,
1,0,1.3,109.53,0,0,
1,5,1.3,109.6085,0,0,
1,3,1.3,109.9233,1,0,
1,2,1.3,109.9233,0,0,
1,3,1.3,110.2375,1,0,
1,2,1.3,110.2375,0,0,
1,3,1.3,110.3945,1,0,
1,1,1.3,110.3945,0,0,
1,6,1.3,110.7087,1,0,
1,1,1.3,110.7087,0,0,
1,6,1.3,110.8651,0,0,
1,5,1.3,111.0228,1,0,
1,3,1.3,111.0228,0,0,
1,5,1.3,111.3369,1,0,
1,2,1.3,111.3369,0,0,
1,3,1.3,111.6511,1,0,
1,6,1.3,111.6511,0,0,
1,5,1.3,111.9652,1,0,
1,4,1.3,111.9652,0,0,
1,4,1.3,112.123,0,0,
1,6,1.3,112.2015,0,0,
1,2,1.3,112.28,0,0,
1,2,1.3,112.3586,0,0,
1,6,1.3,112.4364,1,0,
1,4,1.3,112.4364,0,0,
1,3,1.3,112.5928,0,0,
1,4,1.3,112.7506,1,0,
1,3,1.3,112.7506,0,0,
1,6,1.3,112.9076,1,0,
1,1,1.3,112.9076,0,0,
1,0,1.3,113.2218,1,0,
1,4,1.3,113.2218,0,0,
1,4,1.3,113.5359,1,0,
1,0,1.3,113.5359,0,0,
1,3,1.3,113.6936,0,0,
1,1,1.3,113.85,1,0,
1,4,1.3,113.85,0,0,
1,2,1.3,114.1642,1,0,
1,0,1.3,114.1642,0,0,
1,6,1.3,114.4783,1,0,
1,3,1.3,114.4783,0,0,
1,2,1.3,114.7931,0,0,
1,0,1.3,114.9495,1,0,
1,4,1.3,114.9495,0,0,
1,0,1.3,115.1059,0,0,
1,1,1.3,115.2629,0,0,
1,5,1.3,115.4207,1,0,
1,4,1.3,115.4207,0,0,
1,5,1.3,115.4999,0,0,
1,0,1.3,115.5778,1,0,
1,3,1.3,115.5778,0,0,
1,0,1.3,115.7348,1,0,
1,5,1.3,115.7348,0,0,
1,5,1.3,115.8919,1,0,
1,4,1.3,115.8919,0,0,
1,0,1.3,116.049,1,0,
1,3,1.3,116.049,0,0,
1,4,1.3,116.2053,0,0,
1,1,1.3,116.3631,1,0,
1,0,1.3,116.3631,0,0,
1,4,1.3,116.5195,0,0,
1,5,1.3,116.6773,1,0,
1,3,1.3,116.6773,0,0,
1,6,1.3,116.8336,0,0,
1,6,1.3,116.9914,1,0,
1,3,1.3,116.9914,0,0,
1,2,1.3,117.1485,1,0,
1,5,1.3,117.1485,0,0,
1,3,1.3,117.3055,1,0,
1,4,1.3,117.3055,0,0,
1,5,1.3,117.4626,1,0,
1,4,1.3,117.4626,0,0,
1,4,1.3,117.6189,0,0,
1,1,1.3,117.776,0,0,
1,4,1.3,117.9331,0,0,
1,3,1.3,118.0901,0,0,
1,4,1.3,118.2479,1,0,
1,3,1.3,118.2479,0,0,
1,3,1.3,118.405,1,0,
1,1,1.3,118.405,0,0,
1,2,1.3,118.562,1,0,
1,6,1.3,118.562,0,0,
1,6,1.3,118.7184,0,0,
1,6,1.3,118.8755,0,0,
1,6,1.3,119.0325,0,0,
1,4,1.3,119.1896,0,0,
1,5,1.3,119.3474,1,0,
1,2,1.3,119.3474,0,0,
1,1,1.3,119.5045,1,0,
1,5,1.3,119.5045,0,0,
1,5,1.3,119.5837,0,0,
1,4,1.3,119.6615,1,0,
1,5,1.3,119.6615,0,0,
1,1,1.3,119.7408,0,0,
1,6,1.3,119.8186,1,0,
1,1,1.3,119.8186,0,0,
1,0,1.3,119.8979,0,0,
1,6,1.3,119.9757,1,0,
1,1,1.3,119.9757,0,0,
1,1,1.3,120.2898,1,0,
1,4,1.3,120.2898,0,0,
1,1,1.3,120.4469,1,0,
1,6,1.3,120.4469,0,0,
1,0,1.3,120.761,1,0,
1,1,1.3,120.761,0,0,
1,3,1.3,120.9173,0,0,
1,5,1.3,121.0751,1,0,
1,3,1.3,121.0751,0,0,
1,3,1.3,121.3893,1,0,
1,6,1.3,121.3893,0,0,
1,5,1.3,121.7034,1,0,
1,3,1.3,121.7034,0,0,
1,2,1.3,122.0176,1,0,
1,1,1.3,122.0176,0,0,
1,1,1.3,122.1754,0,0,
1,2,1.3,122.2539,0,0,
1,4,1.3,122.3325,0,0,
1,2,1.3,122.411,0,0,
1,6,1.3,122.4888,1,0,
1,0,1.3,122.4888,0,0,
1,0,1.3,122.6451,0,0,
1,3,1.3,122.8029,1,0,
1,4,1.3,122.8029,0,0,
1,5,1.3,122.96,1,0,
1,1,1.3,122.96,0,0,
1,0,1.3,123.2741,1,0,
1,1,1.3,123.2741,0,0,
1,1,1.3,123.5882,1,0,
1,4,1.3,123.5882,0,0,
1,4,1.3,123.9024,1,0,
1,0,1.3,123.9024,0,0,
1,5,1.3,124.2165,1,0,
1,4,1.3,124.2165,0,0,
1,5,1.3,124.5307,1,0,
1,3,1.3,124.5307,0,0,
1,1,1.3,124.6869,0,0,
1,1,1.3,124.8448,1,0,
1,2,1.3,124.8448,0,0,
1,5,1.3,124.9241,0,0,
1,2,1.3,125.0019,1,0,
1,6,1.3,125.0019,0,0,
1,0,1.3,125.1581,0,0,
1,3,1.3,125.3152,0,0,
1,6,1.3,125.4723,0,0,
1,5,1.3,125.6293,0,0,
1,2,1.3,125.7872,1,0,
1,4,1.3,125.7872,0,0,
1,0,1.3,125.9443,1,0,
1,2,1.3,125.9443,0,0,
1,3,1.3,126.1013,1,0,
1,4,1.3,126.1013,0,0,
1,3,1.3,126.2576,0,0,
1,2,1.3,126.4147,0,0,
1,5,1.3,126.5717,0,0,
1,1,1.3,126.7288,0,0,
1,5,1.3,126.8867,1,0,
1,1,1.3,126.8867,0,0,
1,1,1.3,127.0437,1,0,
1,5,1.3,127.0437,0,0,
1,3,1.3,127.2008,1,0,
1,0,1.3,127.2008,0,0,
1,0,1.3,127.3579,1,0,
1,5,1.3,127.3579,0,0,
1,3,1.3,127.5141,0,0,
1,1,1.3,127.6712,0,0,
1,5,1.3,127.8283,0,0,
1,3,1.3,127.9853,0,0,
1,1,1.3,128.1424,0,0,
1,1,1.3,128.2995,0,0,
1,0,1.3,128.4565,0,0,
1,1,1.3,128.6136,0,0,
1,4,1.3,128.7715,1,0,
1,2,1.3,128.7715,0,0,
1,5,1.3,128.8508,0,0,
1,2,1.3,128.9294,0,0,
1,1,1.3,129.0079,0,0,
1,1,1.3,129.0864,0,0,
1,4,1.3,129.165,0,0,
1,0,1.3,129.2435,0,0,
1,2,1.3,129.322,0,0,
1,0,1.3,129.4006,0,0,
1,0,1.3,129.4791,0,0,
1,5,1.3,129.5576,0,0,
1,5,1.3,129.6362,0,0,
1,1,1.3,129.7132,0,0,
1,3,1.3,129.7917,0,0,
1,3,1.3,129.8702,0,0,
1,0,1.3,129.9488,0,0,
1,6,1.3,130.0281,1,0,
1,0,1.3,130.0281,0,0,
1,1,1.3,130.3422,1,0,
1,5,1.3,130.3422,0,0,
1,1,1.3,130.4993,1,0,
1,6,1.3,130.4993,0,0,
1,4,1.3,130.8134,1,0,
1,2,1.3,130.8134,0,0,
1,2,1.3,130.9697,0,0,
1,4,1.3,131.1276,1,0,
1,6,1.3,131.1276,0,0,
1,5,1.3,131.4417,1,0,
1,3,1.3,131.4417,0,0,
1,1,1.3,131.7559,1,0,
1,2,1.3,131.7559,0,0,
1,3,1.3,132.07,1,0,
1,4,1.3,132.07,0,0,
1,1,1.3,132.2279,0,0,
1,4,1.3,132.3064,0,0,
1,4,1.3,132.385,0,0,
1,2,1.3,132.4635,0,0,
1,6,1.3,132.5413,1,0,
1,4,1.3,132.5413,0,0,
1,1,1.3,132.6983,1,0,
1,2,1.3,132.6983,0,0,
1,6,1.3,132.8554,1,0,
1,0,1.3,132.8554,0,0,
1,2,1.3,133.0125,1,0,
1,3,1.3,133.0125,0,0,
1,0,1.3,133.3266,1,0,
1,1,1.3,133.3266,0,0,
1,5,1.3,133.6408,1,0,
1,0,1.3,133.6408,0,0,
1,5,1.3,133.9549,1,0,
1,1,1.3,133.9549,0,0,
1,6,1.3,134.2691,1,0,
1,1,1.3,134.2691,0,0,
1,4,1.3,134.5832,1,0,
1,6,1.3,134.5832,0,0,
1,1,1.3,134.8974,1,0,
1,0,1.3,134.8974,0,0,
1,3,1.3,135.0552,0,0,
1,2,1.3,135.2107,0,0,
1,2,1.3,135.3678,0,0,
1,2,1.3,135.5257,1,0,
1,3,1.3,135.5257,0,0,
1,2,1.3,135.605,0,0,
1,1,1.3,135.6827,1,0,
1,0,1.3,135.6827,0,0,
1,1,1.3,135.8398,1,0,
1,5,1.3,135.8398,0,0,
1,6,1.3,135.9969,1,0,
1,5,1.3,135.9969,0,0,
1,1,1.3,136.154,1,0,
1,5,1.3,136.154,0,0,
1,6,1.3,136.3103,0,0,
1,2,1.3,136.4681,1,0,
1,0,1.3,136.4681,0,0,
1,3,1.3,136.6244,0,0,
1,0,1.3,136.7823,1,0,
1,6,1.3,136.7823,0,0,
1,2,1.3,136.9386,0,0,
1,0,1.3,137.0964,1,0,
1,3,1.3,137.0964,0,0,
1,5,1.3,137.2535,1,0,
1,6,1.3,137.2535,0,0,
1,4,1.3,137.4098,0,0,
1,5,1.3,137.5668,0,0,
1,0,1.3,137.7239,0,0,
1,0,1.3,137.881,0,0,
1,6,1.3,138.0381,0,0,
1,2,1.3,138.353,1,0,
1,0,1.3,138.353,0,0,
1,2,1.3,138.5101,1,0,
1,3,1.3,138.5101,0,0,
1,2,1.3,138.6671,1,0,
1,1,1.3,138.6671,0,0,
1,6,1.3,138.9805,0,0,
1,0,1.3,139.1376,0,0,
1,5,1.3,139.4525,1,0,
1,6,1.3,139.4525,0,0,
1,6,1.3,139.6104,0,0,
1,4,1.3,139.6889,0,0,
1,4,1.3,139.7667,1,0,
1,2,1.3,139.7667,0,0,
1,3,1.3,139.846,0,0,
1,2,1.3,139.9245,0,0,
1,3,1.3,140.0031,0,0,
1,6,1.3,140.0808,1,0,
1,2,1.3,140.0808,0,0,
1,6,1.3,140.2371,0,0,
1,2,1.3,140.395,1,0,
1,6,1.3,140.395,0,0,
1,2,1.3,140.4743,0,0,
1,5,1.3,140.552,1,0,
1,2,1.3,140.552,0,0,
1,5,1.3,140.6314,0,0,
1,1,1.3,140.7091,1,0,
1,5,1.3,140.7091,0,0,
1,2,1.3,140.7884,0,0,
1,0,1.3,140.8662,1,0,
1,4,1.3,140.8662,0,0,
1,2,1.3,140.9455,0,0,
1,1,1.3,141.0233,1,0,
1,6,1.3,141.0233,0,0,
1,4,1.3,141.1026,0,0,
1,3,1.3,141.1803,1,0,
1,0,1.3,141.1803,0,0,
1,4,1.3,141.2597,0,0,
1,6,1.3,141.3374,1,0,
1,3,1.3,141.3374,0,0,
1,3,1.3,141.4167,0,0,
1,0,1.3,141.4945,1,0,
1,5,1.3,141.4945,0,0,
1,3,1.3,141.5738,0,0,
1,0,1.3,141.6516,1,0,
1,6,1.3,141.6516,0,0,
1,1,1.3,141.7309,0,0,
1,3,1.3,141.8086,1,0,
1,4,1.3,141.8086,0,0,
1,4,1.3,141.888,0,0,
1,0,1.3,141.9657,1,0,
1,4,1.3,141.9657,0,0,
1,0,1.3,142.045,0,0,
1,2,1.3,142.1228,1,0,
1,6,1.3,142.1228,0,0,
1,6,1.3,142.2021,0,0,
1,5,1.3,142.2798,1,0,
1,4,1.3,142.2798,0,0,
1,3,1.3,142.3592,0,0,
1,5,1.3,142.4369,1,0,
1,2,1.3,142.4369,0,0,
1,2,1.3,142.5163,0,0,
1,5,1.3,142.594,1,0,
1,2,1.3,142.594,0,0,
1,3,1.3,142.7511,1,0,
1,6,1.3,142.7511,0,0,
1,5,1.3,142.8304,0,0,
1,4,1.3,142.9081,1,0,
1,3,1.3,142.9081,0,0,
1,1,1.3,142.9875,0,0,
1,0,1.3,143.0652,1,0,
1,6,1.3,143.0652,0,0,
1,3,1.3,143.1445,0,0,
1,4,1.3,143.2223,1,0,
1,3,1.3,143.2223,0,0,
1,2,1.3,143.3016,0,0,
1,1,1.3,143.3794,1,0,
1,5,1.3,143.3794,0,0,
1,0,1.3,143.4587,0,0,
1,2,1.3,143.5364,1,0,
1,5,1.3,143.5364,0,0,
1,3,1.3,143.6158,0,0,
1,6,1.3,143.6935,1,0,
1,3,1.3,143.6935,0,0,
1,1,1.3,144.0077,1,0,
1,4,1.3,144.0077,0,0,
1,6,1.3,144.3218,1,0,
1,2,1.3,144.3218,0,0,
1,3,1.3,144.636,1,0,
1,2,1.3,144.636,0,0,
1,0,1.3,144.9509,0,0,
1,4,1.3,145.0294,0,0,
1,6,1.3,145.1072,1,0,
1,4,1.3,145.1072,0,0,
1,3,1.3,145.2635,0,0,
1,0,1.3,145.4205,0,0,
1,2,1.3,145.5776,0,0,
1,5,1.3,145.7347,0,0,
1,3,1.3,145.8925,1,0,
1,1,1.3,145.8925,0,0,
1,6,1.3,146.0496,1,0,
1,5,1.3,146.0496,0,0,
1,6,1.3,146.2067,1,0,
1,1,1.3,146.2067,0,0,
1,5,1.3,146.363,0,0,
1,5,1.3,146.5201,0,0,
1,4,1.3,146.6771,0,0,
1,3,1.3,146.8342,0,0,
1,0,1.3,146.9913,0,0,
1,3,1.3,147.1491,1,0,
1,2,1.3,147.1491,0,0,
1,3,1.3,147.3062,1,0,
1,5,1.3,147.3062,0,0,
1,3,1.3,147.4633,1,0,
1,4,1.3,147.4633,0,0,
1,0,1.3,147.6196,0,0,
1,6,1.3,147.7767,0,0,
1,6,1.3,147.9337,0,0,
1,2,1.3,148.0908,0,0,
1,6,1.3,148.2479,0,0,
1,4,1.3,148.405,0,0,
1,2,1.3,148.562,0,0,
1,5,1.3,148.7191,0,0,
1,0,1.3,148.8769,1,0,
1,3,1.3,148.8769,0,0,
1,1,1.3,148.9562,0,0,
1,5,1.3,149.0348,0,0,
1,5,1.3,149.1133,0,0,
1,5,1.3,149.1918,0,0,
1,0,1.3,149.2704,0,0,
1,2,1.3,149.3489,0,0,
1,2,1.3,149.4275,0,0,
1,0,1.3,149.506,0,0,
1,4,1.3,149.5845,0,0,
1,3,1.3,149.6631,0,0,
1,3,1.3,149.7416,0,0,
1,4,1.3,149.8186,0,0,
1,2,1.3,149.8972,0,0,
1,0,1.3,149.9757,0,0,
1,1,1.3,150.0542,0,0,
1,4,1.3,150.4477,1,0,
1,1,1.3,150.4477,0,0,
-1,0,0,0,0,0,