0,0,0,0,0,0,
1,4,1,1.300000,0,0,
1,6,1,1.389286,0,0,
1,5,1,1.478571,0,0,
1,1,1,1.567857,0,0,
1,5,1,1.657143,0,0,
1,4,1,1.746429,0,0,
1,3,1,1.835714,0,0,
1,2,1,1.925000,0,0,
1,4,1,2.014286,0,0,
1,2,1,2.103571,0,0,
1,5,1,2.192857,0,0,
1,1,1,2.282143,0,0,
1,3,1,2.371428,0,0,
1,5,1,2.460714,0,0,
1,2,1,2.549999,0,0,
1,1,1,2.639285,0,0,
1,2,1,2.907142,0,0,
1,0,1,3.085713,0,0,
1,1,1,3.174999,0,0,
1,1,1,3.442856,0,0,
1,4,1,3.621427,0,0,
1,1,1,3.710712,0,0,
1,6,1,3.889284,0,0,
1,1,1,4.157141,0,0,
1,6,1,4.246427,0,0,
1,5,1,4.424998,0,0,
1,6,1,4.782142,0,0,
1,2,1,5.049999,0,0,
1,6,1,5.317857,0,0,
1,2,1,5.585714,0,0,
1,2,1,5.764286,0,0,
1,5,1,5.853572,0,0,
1,3,1,6.032144,0,0,
1,3,1,6.300001,0,0,
1,3,1,6.389287,0,0,
1,3,1,6.657145,0,0,
1,1,1,6.835716,0,0,
1,0,1,6.925002,0,0,
1,6,1,7.192860,0,0,
1,2,1,7.371431,0,0,
1,4,1,7.460717,0,0,
1,4,1,7.639289,0,0,
1,5,1,7.907146,0,0,
1,5,1,8.175004,0,0,
1,3,1,8.442862,0,0,
1,2,1,8.710719,0,0,
1,2,1,8.978577,0,0,
1,6,1,9.246434,0,0,
1,4,1,9.514292,0,0,
1,1,1,9.782149,0,0,
1,2,1,10.050007,0,0,
1,0,1,10.139293,0,0,
1,6,1,10.228579,0,0,
1,2,1,10.317864,0,0,
1,3,1,10.407150,0,0,
1,6,1,10.585722,0,0,
1,2,1,10.675008,0,0,
1,6,1,10.942865,0,0,
1,6,1,11.210723,0,0,
1,3,1,11.478580,0,0,
1,0,1,11.657152,0,0,
1,6,1,11.746438,0,0,
1,0,1,11.925010,0,0,
1,6,1,12.282153,0,0,
1,3,1,12.460725,0,0,
1,6,1,12.817868,0,0,
1,1,1,13.085726,0,0,
1,6,1,13.353583,0,0,
1,5,1,13.621441,0,0,
1,4,1,13.800013,0,0,
1,3,1,13.889298,0,0,
1,3,1,14.067870,0,0,
1,0,1,14.425014,0,0,
1,3,1,14.603585,0,0,
1,3,1,14.960729,0,0,
1,2,1,15.228586,0,0,
1,3,1,15.496444,0,0,
1,6,1,15.764301,0,0,
1,4,1,15.942873,0,0,
1,6,1,16.032158,0,0,
1,5,1,16.210728,0,0,
1,6,1,16.567867,0,0,
1,1,1,16.746437,0,0,
1,1,1,17.103577,0,0,
1,0,1,17.371431,0,0,
1,3,1,17.639286,0,0,
1,2,1,17.907141,0,0,
1,1,1,18.085711,0,0,
1,2,1,18.174995,0,0,
1,0,1,18.353565,0,0,
1,4,1,18.621420,0,0,
1,3,1,18.889275,0,0,
1,2,1,18.978559,0,0,
1,3,1,19.067844,0,0,
1,0,1,19.157129,0,0,
1,2,1,19.246414,0,0,
1,4,1,19.424984,0,0,
1,4,1,19.514269,0,0,
1,1,1,21.299967,0,0,
1,0,1,21.657106,0,0,
1,5,1,21.924961,0,0,
1,1,1,22.192816,0,0,
1,4,1,22.371386,0,0,
1,3,1,22.639240,0,0,
1,6,1,22.907095,0,0,
1,5,1,22.996380,0,0,
1,3,1,23.174950,0,0,
1,4,1,23.264235,0,0,
1,6,1,23.442804,0,0,
1,1,1,23.532089,0,0,
1,3,1,23.799944,0,0,
1,6,1,24.067799,0,0,
1,5,1,24.246368,0,0,
1,3,1,24.335653,0,0,
1,6,1,24.514223,0,0,
1,2,1,24.782078,0,0,
1,3,1,25.139217,0,0,
1,5,1,25.317787,0,0,
1,5,1,25.407072,0,0,
1,2,1,25.585642,0,0,
1,6,1,25.674927,0,0,
1,2,1,25.942781,0,0,
1,2,1,26.210636,0,0,
1,4,1,26.389206,0,0,
1,5,1,26.478491,0,0,
1,4,1,26.657061,0,0,
1,1,1,26.924915,0,0,
1,4,1,27.192770,0,0,
1,2,1,27.282055,0,0,
1,5,1,27.549910,0,0,
1,1,1,27.817764,0,0,
1,6,1,28.085619,0,0,
1,1,1,28.353474,0,0,
1,0,1,28.532043,0,0,
1,0,1,28.621328,0,0,
1,4,1,28.799898,0,0,
1,1,1,29.067753,0,0,
1,3,1,30.228456,0,0,
1,3,1,30.496311,0,0,
1,5,1,30.674881,0,0,
1,6,1,30.764166,0,0,
1,2,1,30.942736,0,0,
1,2,1,31.210590,0,0,
1,6,1,31.478445,0,0,
1,4,1,31.567730,0,0,
1,4,1,31.835585,0,0,
1,3,1,32.103443,0,0,
1,4,1,32.371304,0,0,
1,0,1,32.639164,0,0,
1,0,1,32.817738,0,0,
1,1,1,32.907024,0,0,
1,2,1,33.085598,0,0,
1,5,1,33.353458,0,0,
1,3,1,33.621319,0,0,
1,3,1,33.710606,0,0,
1,4,1,33.978466,0,0,
1,0,1,34.157040,0,0,
1,2,1,34.246326,0,0,
1,6,1,34.424900,0,0,
1,4,1,34.514187,0,0,
1,0,1,34.782047,0,0,
1,5,1,34.960621,0,0,
1,1,1,35.049908,0,0,
1,3,1,35.228481,0,0,
1,6,1,35.496342,0,0,
1,4,1,35.764202,0,0,
1,2,1,35.853489,0,0,
1,4,1,36.032063,0,0,
1,4,1,36.121349,0,0,
1,6,1,36.299923,0,0,
1,2,1,36.567783,0,0,
1,5,1,36.835644,0,0,
1,2,1,36.924931,0,0,
1,6,1,37.103504,0,0,
1,4,1,37.371365,0,0,
1,6,1,37.460651,0,0,
1,1,1,37.639225,0,0,
1,2,1,37.907085,0,0,
1,1,1,37.996372,0,0,
1,6,1,38.264233,0,0,
1,5,1,38.442806,0,0,
1,3,1,38.799953,0,0,
1,2,1,39.067814,0,0,
1,0,1,39.335674,0,0,
1,5,1,39.514248,0,0,
1,3,1,39.782108,0,0,
1,3,1,40.049969,0,0,
1,2,1,40.139256,0,0,
1,1,1,40.317829,0,0,
1,1,1,40.407116,0,0,
1,3,1,40.674976,0,0,
1,3,1,40.853550,0,0,
1,0,1,40.942837,0,0,
1,3,1,41.121410,0,0,
1,0,1,41.210697,0,0,
1,5,1,41.389271,0,0,
1,6,1,41.478558,0,0,
1,3,1,41.657131,0,0,
1,6,1,41.746418,0,0,
1,6,1,41.924992,0,0,
1,3,1,42.014278,0,0,
1,4,1,42.192852,0,0,
1,3,1,42.282139,0,0,
1,0,1,42.460712,0,0,
1,4,1,42.728573,0,0,
1,5,1,42.996433,0,0,
1,3,1,43.264294,0,0,
1,4,1,43.353580,0,0,
1,5,1,43.532154,0,0,
1,4,1,43.621441,0,0,
1,1,1,43.800014,0,0,
1,5,1,43.978588,0,0,
1,5,1,44.067875,0,0,
1,4,1,44.157162,0,0,
1,1,1,44.335735,0,0,
1,4,1,44.514309,0,0,
1,6,1,44.603596,0,0,
1,1,1,44.692883,0,0,
1,6,1,44.960743,0,0,
1,3,1,45.228603,0,0,
1,2,1,45.407177,0,0,
1,0,1,45.496464,0,0,
1,5,1,45.675037,0,0,
1,2,1,45.764324,0,0,
1,1,1,45.942898,0,0,
1,0,1,46.032185,0,0,
1,0,1,46.300045,0,0,
1,3,1,46.389332,0,0,
1,0,1,46.478619,0,0,
1,4,1,46.567905,0,0,
1,4,1,46.746479,0,0,
1,6,1,46.835766,0,0,
1,6,1,46.925053,0,0,
1,3,1,47.014339,0,0,
1,1,1,47.103626,0,0,
1,0,1,47.371487,0,0,
1,3,1,47.460773,0,0,
1,2,1,47.550060,0,0,
1,2,1,47.639347,0,0,
1,1,1,47.728634,0,0,
1,1,1,47.817921,0,0,
1,5,1,47.907207,0,0,
1,0,1,48.175068,0,0,
1,1,1,48.442928,0,0,
1,1,1,48.621502,0,0,
1,2,1,48.889362,0,0,
1,2,1,49.246510,0,0,
1,0,1,49.335796,0,0,
1,3,1,49.425083,0,0,
1,0,1,49.514370,0,0,
1,2,1,49.782230,0,0,
1,1,1,49.960804,0,0,
1,0,1,50.050091,0,0,
1,1,1,50.228664,0,0,
1,4,1,50.496525,0,0,
1,1,1,50.764385,0,0,
1,0,1,50.853672,0,0,
1,1,1,51.032246,0,0,
1,5,1,51.121532,0,0,
1,3,1,51.300106,0,0,
1,5,1,51.389393,0,0,
1,4,1,51.925114,0,0,
1,1,1,52.371548,0,0,
1,2,1,52.728695,0,0,
1,2,1,53.175129,0,0,
1,3,1,53.532276,0,0,
1,4,1,54.335857,0,0,
1,4,1,54.871578,0,0,
1,0,1,56.478741,0,0,
1,3,1,56.568027,0,0,
1,6,1,56.657314,0,0,
1,5,1,56.746601,0,0,
1,5,1,56.835888,0,0,
1,5,1,56.925175,0,0,
1,5,1,57.014462,0,0,
1,1,1,57.282322,0,0,
1,5,1,57.460896,0,0,
1,1,1,57.728756,0,0,
1,5,1,57.818043,0,0,
1,2,1,58.085903,0,0,
1,4,1,58.264477,0,0,
1,6,1,58.353764,0,0,
1,1,1,58.532337,0,0,
1,5,1,58.621624,0,0,
1,3,1,58.800198,0,0,
1,4,1,58.889484,0,0,
1,0,1,59.068058,0,0,
1,6,1,59.335918,0,0,
1,1,1,59.425205,0,0,
1,0,1,59.603779,0,0,
1,5,1,59.693066,0,0,
1,1,1,59.871639,0,0,
1,2,1,60.139500,0,0,
1,1,1,60.407360,0,0,
1,5,1,60.496647,0,0,
1,0,1,60.675220,0,0,
1,3,1,60.764507,0,0,
1,0,1,60.943081,0,0,
1,0,1,61.210941,0,0,
1,3,1,61.478802,0,0,
1,2,1,61.568089,0,0,
1,1,1,61.835949,0,0,
1,3,1,62.014523,0,0,
1,3,1,62.282383,0,0,
1,1,1,62.550243,0,0,
1,6,1,62.639530,0,0,
1,6,1,62.818104,0,0,
1,0,1,62.907391,0,0,
1,3,1,63.085964,0,0,
1,5,1,63.353825,0,0,
1,3,1,63.621685,0,0,
1,2,1,63.710972,0,0,
1,4,1,63.889545,0,0,
1,6,1,63.978832,0,0,
1,2,1,64.157402,0,0,
1,4,1,64.425262,0,0,
1,6,1,65.585991,0,0,
1,1,1,66.125328,0,0,
1,1,1,66.664665,0,0,
1,0,1,67.200386,0,0,
1,1,1,67.646820,0,0,
1,6,1,68.003967,0,0,
1,6,1,68.271828,0,0,
1,4,1,68.450401,0,0,
1,0,1,68.539688,0,0,
1,4,1,68.807549,0,0,
1,5,1,68.984917,0,0,
1,4,1,69.073601,0,0,
1,0,1,69.339653,0,0,
1,2,1,69.517021,0,0,
1,1,1,69.783073,0,0,
1,2,1,70.139618,0,0,
1,1,1,70.407478,0,0,
1,1,1,70.586052,0,0,
1,5,1,70.853912,0,0,
1,4,1,71.121773,0,0,
1,5,1,71.211060,0,0,
1,4,1,71.389633,0,0,
1,3,1,71.478920,0,0,
1,0,1,71.657494,0,0,
1,0,1,71.746780,0,0,
1,4,1,72.014641,0,0,
1,5,1,72.550362,0,0,
1,3,1,72.996796,0,0,
1,2,1,73.353943,0,0,
1,6,1,73.621803,0,0,
1,0,1,73.711090,0,0,
1,0,1,73.800377,0,0,
1,0,1,73.889664,0,0,
1,4,1,73.978951,0,0,
1,4,1,74.068237,0,0,
1,1,1,74.157524,0,0,
1,4,1,74.693245,0,0,
1,6,1,74.961105,0,0,
1,3,1,75.228966,0,0,
1,2,1,75.407539,0,0,
1,3,1,75.496826,0,0,
1,3,1,75.675400,0,0,
1,3,1,75.943260,0,0,
1,1,1,76.032547,0,0,
1,5,1,76.300407,0,0,
1,4,1,76.478981,0,0,
1,0,1,76.568268,0,0,
1,4,1,76.836128,0,0,
1,0,1,77.014702,0,0,
1,3,1,77.103989,0,0,
1,0,1,77.282562,0,0,
1,1,1,77.550423,0,0,
1,5,1,77.639709,0,0,
1,3,1,77.818283,0,0,
1,3,1,78.175430,0,0,
1,5,1,78.443291,0,0,
1,2,1,78.711151,0,0,
1,6,1,78.979012,0,0,
1,2,1,79.157585,0,0,
1,1,1,79.246872,0,0,
1,6,1,79.425446,0,0,
1,6,1,79.693306,0,0,
1,1,1,79.782593,0,0,
1,6,1,80.050453,0,0,
1,0,1,80.229027,0,0,
1,3,1,80.318314,0,0,
1,0,1,80.586174,0,0,
1,2,1,80.764748,0,0,
1,5,1,80.854034,0,0,
1,0,1,81.032608,0,0,
1,2,1,81.300468,0,0,
1,1,1,81.568329,0,0,
1,4,1,81.836189,0,0,
1,4,1,82.104050,0,0,
1,4,1,82.371910,0,0,
1,1,1,82.639771,0,0,
1,4,1,82.907631,0,0,
1,5,1,83.175491,0,0,
1,2,1,83.443352,0,0,
1,3,1,83.711212,0,0,
1,3,1,83.979073,0,0,
1,3,1,84.246933,0,0,
1,1,1,84.514793,0,0,
1,4,1,84.782654,0,0,
1,5,1,85.050514,0,0,
1,1,1,85.318375,0,0,
1,6,1,85.407661,0,0,
1,5,1,87.343178,0,0,
1,0,1,87.585106,0,0,
1,5,1,87.706070,0,0,
1,4,1,87.827034,0,0,
1,6,1,88.068962,0,0,
1,3,1,88.189926,0,0,
1,1,1,88.310890,0,0,
1,2,1,88.552818,0,0,
1,1,1,88.673782,0,0,
1,0,1,88.794746,0,0,
1,5,1,88.915710,0,0,
1,0,1,89.036674,0,0,
1,4,1,89.157639,0,0,
1,6,1,89.278603,0,0,
1,1,1,89.520531,0,0,
1,0,1,89.641495,0,0,
1,3,1,89.762459,0,0,
1,4,1,90.004387,0,0,
1,0,1,90.125351,0,0,
1,3,1,90.246315,0,0,
1,5,1,90.488243,0,0,
1,1,1,90.609207,0,0,
1,3,1,90.730171,0,0,
1,1,1,90.851135,0,0,
1,2,1,90.972099,0,0,
1,2,1,91.093063,0,0,
1,5,1,91.214027,0,0,
1,5,1,91.455956,0,0,
1,0,1,91.576920,0,0,
1,4,1,91.697884,0,0,
1,3,1,91.939812,0,0,
1,1,1,92.060776,0,0,
1,0,1,92.181740,0,0,
1,5,1,92.423668,0,0,
1,5,1,92.544632,0,0,
1,1,1,92.665596,0,0,
1,3,1,92.786560,0,0,
1,5,1,92.907524,0,0,
1,5,1,93.028488,0,0,
1,2,1,93.149452,0,0,
1,5,1,93.391380,0,0,
1,2,1,93.512344,0,0,
1,4,1,93.633308,0,0,
1,0,1,93.875237,0,0,
1,2,1,93.996201,0,0,
1,5,1,94.117165,0,0,
1,2,1,94.238129,0,0,
1,3,1,94.480057,0,0,
1,3,1,94.601021,0,0,
1,0,1,94.721985,0,0,
1,0,1,94.842949,0,0,
1,4,1,94.963913,0,0,
1,4,1,95.084877,0,0,
1,0,1,95.326805,0,0,
1,0,1,95.447769,0,0,
1,2,1,95.568733,0,0,
1,6,1,95.810661,0,0,
1,6,1,95.931625,0,0,
1,6,1,96.052589,0,0,
1,0,1,96.173553,0,0,
1,2,1,96.294518,0,0,
1,0,1,96.415482,0,0,
1,0,1,96.536446,0,0,
1,6,1,96.657410,0,0,
1,4,1,96.778374,0,0,
1,6,1,96.899338,0,0,
1,3,1,97.020302,0,0,
1,1,1,97.262230,0,0,
1,2,1,97.383194,0,0,
1,2,1,97.504158,0,0,
1,0,1,97.746086,0,0,
1,6,1,97.867050,0,0,
1,4,1,97.988014,0,0,
1,1,1,98.108978,0,0,
1,4,1,98.229942,0,0,
1,1,1,98.350906,0,0,
1,5,1,98.471870,0,0,
1,1,1,98.592834,0,0,
1,0,1,98.713799,0,0,
1,1,1,98.834763,0,0,
1,0,1,98.955727,0,0,
1,3,1,99.197655,0,0,
1,1,1,99.318619,0,0,
1,4,1,99.439583,0,0,
1,2,1,99.681511,0,0,
1,6,1,99.802475,0,0,
1,5,1,99.923439,0,0,
1,1,1,100.165367,0,0,
1,5,1,100.286331,0,0,
1,3,1,100.407295,0,0,
1,1,1,100.528259,0,0,
1,1,1,100.649223,0,0,
1,0,1,100.891151,0,0,
1,6,1,101.012115,0,0,
1,0,1,101.133080,0,0,
1,5,1,101.254044,0,0,
1,5,1,101.375008,0,0,
1,5,1,101.495972,0,0,
1,2,1,101.616936,0,0,
1,4,1,101.737900,0,0,
1,1,1,101.858864,0,0,
1,4,1,101.979828,0,0,
1,2,1,102.100792,0,0,
1,6,1,102.221756,0,0,
1,2,1,102.342720,0,0,
1,2,1,102.463684,0,0,
1,1,1,102.584648,0,0,
1,4,1,102.705612,0,0,
1,3,1,102.826576,0,0,
1,2,1,106.697426,0,0,
1,1,1,109.600609,0,0,
1,2,1,109.761902,0,0,
1,5,1,109.923195,0,0,
1,0,1,110.084488,0,0,
1,1,1,110.245781,0,0,
1,0,1,110.407074,0,0,
1,0,1,110.568367,0,0,
1,1,1,110.729660,0,0,
1,3,1,110.890953,0,0,
1,3,1,111.052246,0,0,
1,5,1,111.213539,0,0,
1,6,1,111.374832,0,0,
1,0,1,111.536125,0,0,
1,4,1,111.858711,0,0,
1,1,1,112.020004,0,0,
1,1,1,112.181297,0,0,
1,6,1,112.342590,0,0,
1,0,1,112.503883,0,0,
1,1,1,112.826469,0,0,
1,0,1,112.987762,0,0,
1,6,1,113.149055,0,0,
1,5,1,113.310349,0,0,
1,4,1,113.471642,0,0,
1,0,1,113.632935,0,0,
1,6,1,113.794228,0,0,
1,5,1,113.955521,0,0,
1,2,1,114.439400,0,0,
1,1,1,114.600693,0,0,
1,2,1,114.761986,0,0,
1,2,1,114.923279,0,0,
1,2,1,115.084572,0,0,
1,6,1,115.245865,0,0,
1,1,1,115.407158,0,0,
1,2,1,115.729744,0,0,
1,3,1,115.891037,0,0,
1,0,1,116.052330,0,0,
1,0,1,116.213623,0,0,
1,4,1,116.374916,0,0,
1,1,1,116.697502,0,0,
1,4,1,116.858795,0,0,
1,5,1,117.020088,0,0,
1,4,1,117.181381,0,0,
1,0,1,117.342674,0,0,
1,0,1,117.826530,0,0,
1,2,1,118.310387,0,0,
1,1,1,119.036171,0,0,
1,4,1,119.157135,0,0,
1,2,1,119.278099,0,0,
-1,0,0,0,0,0,