0,0,0,0,0,0,
1,3,1,1.079137,0,0,
1,2,1,1.510791,0,0,
1,3,1,1.726619,0,0,
1,4,1,1.942446,0,0,
1,4,1,2.374101,0,0,
1,3,1,2.589928,0,0,
1,2,1,2.805755,0,0,
1,3,1,3.23741,0,0,
1,3,1,3.669064,0,0,
1,3,1,3.884891,0,0,
1,2,1,4.100718,1,0,
1,4,1,4.100718,0,0,
1,3,1,4.532373,0,0,
1,1,1,4.964028,0,0,
1,3,1,5.179856,0,0,
1,5,1,5.395683,0,0,
1,6,1,5.827338,0,0,
1,3,1,6.043166,0,0,
1,0,1,6.258993,0,0,
2,2,1,6.690648,1,0.435,
2,4,1,6.690648,0,0.435,
1,0,1,7.985611,0,0,
1,5,1,8.84892,0,0,
1,5,1,9.712229,0,0,
1,1,1,10.57554,0,0,
1,5,1,11.22302,0,0,
1,3,1,11.43884,0,0,
1,3,1,12.08633,0,0,
1,6,1,12.30215,0,0,
1,3,1,12.94963,0,0,
1,6,1,13.16546,0,0,
1,6,1,13.59712,0,0,
1,3,1,14.02877,0,0,
1,5,1,14.46043,0,0,
1,1,1,14.89208,0,0,
1,1,1,15.53956,0,0,
1,2,1,15.75539,0,0,
1,2,1,16.18704,0,0,
1,5,1,16.6187,0,0,
1,5,1,17.26618,0,0,
1,4,1,17.48201,0,0,
1,3,1,18.34532,0,0,
1,1,1,18.77698,0,0,
1,3,1,18.99281,0,0,
1,5,1,19.20863,0,0,
1,0,1,20.07195,0,0,
1,4,1,20.5036,0,0,
1,1,1,20.93525,0,0,
1,5,1,21.36691,0,0,
1,2,1,21.79856,0,0,
1,6,1,22.23022,0,0,
1,3,1,22.66187,0,0,
1,5,1,22.8777,0,0,
1,1,1,23.09353,0,0,
1,6,1,23.52518,0,0,
1,0,1,23.95684,0,0,
1,0,1,24.38849,0,0,
1,6,1,24.82015,0,0,
1,2,1,25.2518,0,0,
1,4,1,25.57554,0,0,
1,4,1,25.89928,0,0,
1,3,1,26.11511,0,0,
1,6,1,26.97842,0,0,
1,1,1,27.62591,0,0,
1,2,1,27.84174,0,0,
1,5,1,28.70505,0,0,
1,2,1,29.35253,0,0,
1,1,1,29.56836,0,0,
1,4,1,30.43167,0,0,
1,0,1,31.07915,0,0,
1,1,1,31.29498,0,0,
1,3,1,31.72664,0,0,
1,3,1,32.15829,0,0,
1,2,1,32.80578,0,0,
1,4,1,33.02161,0,0,
1,5,1,33.88492,0,0,
1,2,1,34.5324,0,0,
1,5,1,34.74823,0,0,
1,0,1,35.61154,0,0,
1,5,1,36.25903,0,0,
1,5,1,36.47485,0,0,
1,0,1,37.33817,0,0,
1,6,1,37.98565,0,0,
1,4,1,38.20148,0,0,
1,1,1,38.63313,0,0,
1,5,1,39.06479,0,0,
1,4,1,39.49644,0,0,
1,1,1,39.9281,0,0,
1,0,1,40.79141,0,0,
1,1,1,41.39442,0,0,
1,3,1,41.69593,0,0,
1,4,1,42.29894,0,0,
1,1,1,42.60045,0,0,
1,5,1,43.05271,0,0,
1,0,1,43.50497,0,0,
1,4,1,44.10798,0,0,
1,3,1,44.40948,0,0,
1,2,1,45.0125,0,0,
1,5,1,45.314,0,0,
1,6,1,45.91702,0,0,
1,6,1,46.21852,0,0,
1,4,1,46.67078,0,0,
1,3,1,47.12304,0,0,
1,3,1,47.72605,0,0,
1,3,1,48.02756,0,0,
1,4,1,48.63057,0,0,
1,2,1,48.93208,0,0,
1,6,1,49.53509,0,0,
1,1,1,49.83659,0,0,
1,2,1,50.28886,0,0,
1,4,1,50.74112,0,0,
1,2,1,51.60443,0,0,
1,5,1,52.03608,0,0,
1,2,1,52.46774,0,0,
1,3,1,52.68357,0,0,
1,4,1,52.89939,0,0,
1,2,1,53.33105,0,0,
1,1,1,53.97853,0,0,
1,5,1,54.19436,0,0,
1,3,1,54.62602,0,0,
1,5,1,55.05767,0,0,
1,3,1,55.48933,0,0,
1,4,1,55.92099,0,0,
1,2,1,56.13681,0,0,
1,0,1,56.35264,0,0,
1,2,1,57.00013,1,0,
1,4,1,57.00013,0,0,
1,4,1,57.21595,1,0,
1,2,1,57.21595,0,0,
1,2,1,57.43178,1,0,
1,4,1,57.43178,0,0,
2,4,1,57.64761,1,0.435,
2,2,1,57.64761,0,0.435,
1,3,1,58.51092,0,0,
1,0,1,58.94258,0,0,
1,2,1,59.37423,0,0,
1,4,1,59.59007,0,0,
1,6,1,59.80589,0,0,
2,2,1,60.23755,0,0.432,
2,4,1,60.6692,0,0.432,
1,3,1,61.10086,0,0,
1,4,1,62.18,0,0,
1,4,1,62.61164,0,0,
1,2,1,63.04331,0,0,
1,2,1,63.47496,0,0,
1,3,1,63.69079,0,0,
1,0,1,64.12244,0,0,
1,5,1,64.33827,0,0,
1,2,1,64.5541,0,0,
1,1,1,64.98576,0,0,
1,2,1,65.41741,0,0,
1,3,1,66.0649,0,0,
1,0,1,66.28072,0,0,
1,0,1,66.71238,0,0,
1,4,1,67.14404,0,0,
1,3,1,67.79152,0,0,
1,4,1,68.00735,0,0,
1,5,1,69.08649,0,0,
1,1,1,69.51814,0,0,
1,5,1,69.9498,0,0,
1,1,1,70.38145,0,0,
1,5,1,70.59728,0,0,
1,4,1,71.02894,0,0,
1,2,1,71.24477,0,0,
1,5,1,71.46059,0,0,
1,6,1,71.89225,0,0,
1,5,1,72.32391,0,0,
1,0,1,72.97139,0,0,
1,4,1,73.18722,0,0,
1,0,1,73.61887,0,0,
1,3,1,74.05053,0,0,
1,4,1,74.69801,0,0,
1,5,1,74.91384,0,0,
1,5,1,75.77715,0,0,
1,4,1,76.64046,0,0,
1,0,1,77.07212,0,0,
1,1,1,77.50378,0,0,
1,2,1,77.93543,0,0,
1,5,1,78.15126,0,0,
1,5,1,78.36709,0,0,
1,6,1,78.79874,0,0,
1,3,1,79.01457,0,0,
1,1,1,79.2304,0,0,
1,5,1,79.66206,0,0,
1,6,1,80.09371,0,0,
1,6,1,80.30954,0,0,
1,6,1,80.52537,0,0,
1,0,1,80.95702,0,0,
1,3,1,81.38868,0,0,
1,1,1,81.60451,0,0,
1,6,1,81.82034,0,0,
1,5,1,82.25199,0,0,
1,3,1,82.46782,0,0,
1,2,1,82.68365,0,0,
1,1,1,83.1153,0,0,
1,2,1,83.54696,0,0,
1,1,1,83.76279,0,0,
1,6,1,83.97861,0,0,
1,4,1,84.41027,0,0,
1,1,1,86.13696,1,0,
1,4,1,86.13696,0,0,
1,0,1,86.46069,1,0,
1,3,1,86.46069,0,0,
1,5,1,86.78442,1,0,
1,2,1,86.78442,0,0,
2,3,1,87.00024,0,0.432,
-1,0,0,0,0,0,