0,0,Oshama Scramble,0,1019,0,
1,1,1,0.2715,0,0,
1,4,1,0.429391,0,0,
1,5,1,0.745172,0,0,
1,2,1,1.060953,0,0,
1,1,1,1.376734,0,0,
1,4,1,1.692515,0,0,
1,2,1,1.850406,0,0,
1,4,1,2.008296,0,0,
1,2,1,2.166187,0,0,
1,5,1,2.324077,0,0,
1,1,1,2.481968,0,0,
1,5,1,2.639859,0,0,
1,1,1,2.797749,0,0,
1,6,1,2.95564,0,0,
1,5,1,3.271421,0,0,
1,3,1,3.587202,0,0,
1,1,1,3.902983,0,0,
1,0,1,4.692436,0,0,
1,2,1,5.323998,0,0,
1,6,1,5.481889,0,0,
1,0,1,5.797671,0,0,
1,5,1,6.113452,0,0,
1,3,1,6.429234,0,0,
1,5,1,6.745016,0,0,
1,1,1,6.902906,0,0,
1,4,1,7.060797,0,0,
1,2,1,7.218688,0,0,
1,5,1,7.376579,0,0,
1,1,1,7.534469,0,0,
1,4,1,7.69236,0,0,
1,2,1,7.850251,0,0,
1,3,1,8.008142,0,0,
1,1,1,8.323922,0,0,
1,3,1,8.639706,0,0,
1,4,1,8.955485,0,0,
1,6,1,9.744939,0,0,
1,2,1,10.3765,1,0,
1,6,1,10.3765,0,0,
1,1,1,10.53439,0,0,
1,2,1,10.85017,0,0,
1,6,1,11.00806,0,0,
1,2,1,11.16595,0,0,
1,3,1,11.48173,0,0,
1,2,1,11.63962,1,0,
1,6,1,11.63962,0,0,
1,4,1,11.79751,0,0,
1,2,1,11.9554,0,0,
1,4,1,12.11329,0,0,
1,5,1,12.27118,0,0,
1,0,1,12.42907,0,0,
1,4,1,12.58696,0,0,
1,2,1,12.74486,0,0,
1,0,1,12.90274,1,0,
1,6,1,12.90274,0,0,
1,2,1,13.06063,0,0,
1,6,1,13.37642,0,0,
1,2,1,13.53431,0,0,
1,1,1,13.6922,0,0,
1,5,1,14.00798,0,0,
1,4,1,14.32376,0,0,
1,2,1,14.48165,0,0,
1,5,1,14.63954,0,0,
1,1,1,14.79743,0,0,
1,5,1,15.11321,0,0,
1,0,1,15.42899,1,0,
1,6,1,15.42899,0,0,
1,2,1,15.58688,0,0,
1,3,1,15.90266,0,0,
1,5,1,16.06055,0,0,
1,1,1,16.21844,0,0,
1,3,1,16.53422,0,0,
1,1,1,16.69211,1,0,
1,3,1,16.69211,0,0,
1,1,1,16.85,0,0,
1,4,1,17.00789,0,0,
1,1,1,17.16578,0,0,
1,4,1,17.32367,0,0,
1,1,1,17.48156,0,0,
1,5,1,17.63945,0,0,
1,1,1,17.79734,0,0,
1,5,1,17.95523,1,0,
1,1,1,17.95523,0,0,
1,3,1,18.11312,0,0,
1,6,1,18.42891,0,0,
1,0,1,18.5868,0,0,
1,3,1,18.74469,0,0,
1,5,1,19.06047,0,0,
1,1,1,19.21836,1,0,
1,0,1,19.21836,0,0,
1,6,1,19.53414,1,0,
1,5,1,19.53414,0,0,
1,0,1,19.84992,1,0,
1,1,1,19.84992,0,0,
1,6,1,20.1657,1,0,
1,5,1,20.1657,0,0,
1,4,1,20.48148,1,0,
1,2,1,20.48148,0,0,
1,2,1,20.63937,0,0,
1,4,1,20.71831,0,0,
1,2,1,20.79726,0,0,
1,4,1,20.87621,0,0,
1,2,1,20.95515,0,0,
1,4,1,21.0341,0,0,
1,0,1,21.12291,1,0,
1,6,1,21.12291,0,0,
1,4,1,21.7446,1,0,
1,2,1,21.7446,0,0,
1,5,1,21.90249,0,0,
1,4,1,22.06038,1,0,
1,2,1,22.06038,0,0,
1,1,1,22.21827,0,0,
1,2,1,22.37616,1,0,
1,4,1,22.37616,0,0,
1,5,1,22.53405,0,0,
1,2,1,22.69194,1,0,
1,4,1,22.69194,0,0,
1,1,1,22.84983,0,0,
1,2,1,23.00772,1,0,
1,4,1,23.00772,0,0,
1,5,1,23.16561,0,0,
1,4,1,23.32351,1,0,
1,2,1,23.32351,0,0,
1,1,1,23.4814,0,0,
1,4,1,23.63929,1,0,
1,2,1,23.63929,0,0,
1,5,1,23.79718,0,0,
1,4,1,23.95506,1,0,
1,2,1,23.95506,0,0,
1,1,1,24.11296,0,0,
1,4,1,24.27085,0,0,
1,1,1,24.42874,0,0,
1,3,1,24.50768,0,0,
1,0,1,24.58663,0,0,
1,3,1,24.74452,0,0,
1,2,1,24.90241,0,0,
1,5,1,25.0603,0,0,
1,3,1,25.13924,0,0,
1,6,1,25.21819,0,0,
1,3,1,25.37608,0,0,
2,1,1,25.53397,0,0.158,
2,5,1,25.69186,0,0.316,
2,0,1,26.00764,0,0.316,
2,6,1,26.32342,0,0.316,
1,0,1,26.6392,0,0,
1,5,1,26.79709,1,0,
1,1,1,26.79709,0,0,
1,2,1,26.95498,0,0,
1,5,1,27.11287,1,0,
1,1,1,27.11287,0,0,
1,4,1,27.27076,0,0,
1,5,1,27.42865,1,0,
1,1,1,27.42865,0,0,
1,2,1,27.58654,0,0,
1,1,1,27.74443,1,0,
1,5,1,27.74443,0,0,
1,4,1,27.90232,0,0,
1,1,1,28.06021,1,0,
1,5,1,28.06021,0,0,
1,2,1,28.2181,0,0,
1,1,1,28.376,1,0,
1,5,1,28.376,0,0,
1,4,1,28.53389,0,0,
1,1,1,28.69178,1,0,
1,5,1,28.69178,0,0,
1,2,1,28.84967,0,0,
1,1,1,29.00755,1,0,
1,5,1,29.00755,0,0,
1,4,1,29.16545,0,0,
1,5,1,29.32334,1,0,
1,1,1,29.32334,0,0,
1,2,1,29.48123,0,0,
1,1,1,29.63912,1,0,
1,5,1,29.63912,0,0,
1,4,1,29.79701,0,0,
1,1,1,29.9549,1,0,
1,5,1,29.9549,0,0,
1,2,1,30.11279,0,0,
1,1,1,30.27068,1,0,
1,5,1,30.27068,0,0,
1,2,1,30.42857,0,0,
1,0,1,30.74435,1,0,
1,3,1,30.74435,0,0,
1,6,1,31.06013,1,0,
1,3,1,31.06013,0,0,
1,0,1,31.37591,1,0,
1,3,1,31.37591,0,0,
1,6,1,31.84958,1,0,
1,0,1,31.84958,0,0,
1,2,1,32.00747,0,0,
1,6,1,32.16536,1,0,
1,0,1,32.16536,0,0,
1,4,1,32.32325,0,0,
1,6,1,32.48114,1,0,
1,0,1,32.48114,0,0,
1,1,1,32.63904,0,0,
1,6,1,32.79692,1,0,
1,0,1,32.79692,0,0,
2,3,1,32.95482,0,1.105,
1,5,1,33.42849,0,0,
1,1,1,33.74427,0,0,
1,5,1,34.06005,0,0,
1,2,1,34.37583,0,0,
1,2,1,34.53372,0,0,
1,3,1,34.61266,0,0,
1,1,1,34.69161,0,0,
1,0,1,34.84949,0,0,
1,4,1,35.00739,0,0,
1,4,1,35.16528,0,0,
1,3,1,35.24423,0,0,
1,5,1,35.32317,0,0,
1,6,1,35.48106,0,0,
2,5,1,35.63895,1,0.1586,
2,3,1,35.63895,0,0.1586,
1,4,1,35.95473,1,0,
1,6,1,35.95473,0,0,
2,3,1,36.27051,1,0.1586,
2,1,1,36.27051,0,0.1586,
1,0,1,36.58629,1,0,
1,2,1,36.58629,0,0,
1,2,1,36.90208,1,0,
1,4,1,36.90208,0,0,
1,1,1,37.05996,0,0,
1,0,1,37.21786,1,0,
1,4,1,37.21786,0,0,
1,5,1,37.37575,0,0,
1,2,1,37.53365,1,0,
1,6,1,37.53365,0,0,
1,1,1,37.69153,0,0,
1,4,1,37.84942,1,0,
1,0,1,37.84942,0,0,
1,5,1,38.00731,0,0,
1,2,1,38.16519,1,0,
1,6,1,38.16519,0,0,
1,1,1,38.3231,0,0,
1,4,1,38.48099,1,0,
1,0,1,38.48099,0,0,
1,5,1,38.63889,0,0,
1,6,1,38.79678,0,0,
6,5,1,38.83626,0,0,
6,4,1,38.87574,0,0,
6,3,1,38.91521,0,0,
6,2,1,38.95469,0,0,
1,0,1,39.11258,0,0,
6,1,1,39.15206,0,0,
6,2,1,39.19153,0,0,
6,3,1,39.23101,0,0,
6,4,1,39.27049,0,0,
1,6,1,39.42838,1,0,
1,0,1,39.42838,0,0,
1,1,1,39.58627,0,0,
1,6,1,39.74416,1,0,
1,1,1,39.74416,0,0,
1,5,1,39.90205,0,0,
1,5,1,40.05994,1,0,
1,2,1,40.05994,0,0,
1,3,1,40.21783,0,0,
1,3,1,40.37572,1,0,
1,5,1,40.37572,0,0,
2,0,1,40.53361,1,1.1102,
2,6,1,40.53361,0,1.1102,
3,3,1,40.71124,2,0,
3,1,1,40.71124,0,0,
3,5,1,40.71124,0,0,
3,2,1,41.02209,1,0,
3,4,1,41.02209,0,0,
3,3,1,41.33294,0,0,
1,2,1,41.95463,0,0,
1,6,1,42.11252,0,0,
1,6,1,42.19146,0,0,
1,4,1,42.27041,0,0,
1,6,1,42.4283,0,0,
1,6,1,42.50725,0,0,
1,3,1,42.58619,0,0,
1,6,1,42.74408,0,0,
1,6,1,42.82303,0,0,
1,2,1,42.90197,0,0,
1,6,1,43.05986,0,0,
1,6,1,43.13881,0,0,
1,1,1,43.21775,0,0,
1,0,1,43.37564,0,0,
1,0,1,43.45459,0,0,
1,2,1,43.53353,0,0,
1,0,1,43.69142,0,0,
1,0,1,43.77037,0,0,
1,3,1,43.84931,0,0,
1,0,1,44.0072,0,0,
1,0,1,44.08615,0,0,
1,4,1,44.16509,0,0,
1,5,1,44.32298,0,0,
6,1,1,44.48087,0,0,
6,0,1,44.55982,0,0,
6,1,1,44.63876,0,0,
6,0,1,44.71771,0,0,
6,1,1,44.79666,0,0,
1,3,1,44.95455,0,0,
6,5,1,45.11243,0,0,
6,6,1,45.19138,0,0,
6,5,1,45.27033,0,0,
6,6,1,45.34927,0,0,
6,5,1,45.42822,0,0,
1,0,1,45.58611,0,0,
1,1,1,45.744,0,0,
1,5,1,46.05978,0,0,
6,0,1,46.37556,1,0,
6,6,1,46.37556,0,0,
6,1,1,46.4545,1,0,
6,5,1,46.4545,0,0,
6,0,1,46.53345,1,0,
6,6,1,46.53345,0,0,
6,1,1,46.61239,1,0,
6,5,1,46.61239,0,0,
6,0,1,46.69134,1,0,
6,6,1,46.69134,0,0,
1,0,1,47.00712,0,0,
1,4,1,47.16501,0,0,
1,2,1,47.24396,0,0,
1,4,1,47.3229,0,0,
1,1,1,47.48079,0,0,
1,4,1,47.63868,0,0,
1,2,1,47.71763,0,0,
1,4,1,47.79657,0,0,
1,2,1,47.87552,0,0,
1,1,1,48.03341,0,0,
1,5,1,48.11235,0,0,
1,3,1,48.27024,0,0,
1,0,1,48.42813,0,0,
1,3,1,48.50708,0,0,
1,1,1,48.58602,0,0,
1,4,1,48.66497,0,0,
1,2,1,48.74391,0,0,
1,5,1,48.9018,0,0,
1,1,1,48.98074,0,0,
1,4,1,49.05969,0,0,
1,2,1,49.13864,0,0,
1,6,1,49.21758,0,0,
1,0,1,49.29653,0,0,
1,3,1,49.37547,0,0,
1,6,1,49.53336,0,0,
1,5,1,49.69126,0,0,
1,0,1,49.84915,0,0,
1,1,1,50.00704,0,0,
1,4,1,50.16492,0,0,
1,5,1,50.32282,0,0,
1,2,1,50.48071,0,0,
1,1,1,50.6386,0,0,
3,1,1,51.42802,4,0,
3,0,1,51.42802,0,0,
3,6,1,51.42802,0,0,
3,5,1,51.42802,0,0,
3,4,1,51.42802,0,0,
3,4,1,51.44118,1,0,
3,6,1,51.44118,0,0,
3,1,1,51.45433,0,0,
3,4,1,51.46749,0,0,
3,1,1,51.48065,0,0,
3,4,1,51.4938,0,0,
3,2,1,51.50696,2,0,
3,0,1,51.50696,0,0,
3,1,1,51.50696,0,0,
3,4,1,51.52012,0,0,
3,1,1,51.53327,0,0,
3,4,1,51.54643,0,0,
3,1,1,51.55959,0,0,
3,4,1,51.57274,1,0,
3,2,1,51.57274,0,0,
3,4,1,51.59906,3,0,
3,2,1,51.59906,0,0,
3,0,1,51.59906,0,0,
3,1,1,51.59906,0,0,
3,4,1,51.62537,1,0,
3,0,1,51.62537,0,0,
3,0,1,51.63853,0,0,
3,1,1,51.65169,1,0,
3,4,1,51.65169,0,0,
3,1,1,51.66484,0,0,
3,2,1,51.678,1,0,
3,4,1,51.678,0,0,
3,0,1,51.69116,1,0,
3,2,1,51.69116,0,0,
3,1,1,51.70431,1,0,
3,4,1,51.70431,0,0,
3,4,1,51.71747,1,0,
3,2,1,51.71747,0,0,
3,3,1,51.74378,0,0,
3,3,1,51.7701,0,0,
3,3,1,51.79641,0,0,
3,3,1,51.82272,0,0,
3,3,1,51.84904,0,0,
3,3,1,51.87535,0,0,
3,0,1,51.88851,5,0,
3,1,1,51.88851,0,0,
3,2,1,51.88851,0,0,
3,5,1,51.88851,0,0,
3,6,1,51.88851,0,0,
3,4,1,51.88851,0,0,
3,3,1,51.90167,0,0,
3,3,1,51.92798,0,0,
3,0,1,51.94114,0,0,
3,3,1,51.95429,0,0,
3,0,1,51.96745,0,0,
3,3,1,51.98061,0,0,
3,1,1,51.99376,3,0,
3,2,1,51.99376,0,0,
3,4,1,51.99376,0,0,
3,5,1,51.99376,0,0,
3,3,1,52.00692,0,0,
3,3,1,52.03324,0,0,
1,0,1,52.05955,1,0,
1,4,1,52.05955,0,0,
1,1,1,52.37533,1,0,
1,5,1,52.37533,0,0,
1,6,1,52.69112,1,0,
1,2,1,52.69112,0,0,
1,5,1,53.00689,1,0,
1,2,1,53.00689,0,0,
1,1,1,53.32267,1,0,
1,4,1,53.32267,0,0,
1,0,1,53.63845,1,0,
1,3,1,53.63845,0,0,
1,2,1,53.95423,1,0,
1,5,1,53.95423,0,0,
1,1,1,54.11212,0,0,
1,2,1,54.27001,1,0,
1,5,1,54.27001,0,0,
1,1,1,54.4279,0,0,
1,2,1,54.58579,1,0,
1,5,1,54.58579,0,0,
1,3,1,54.90157,1,0,
1,5,1,54.90157,0,0,
1,3,1,55.21736,1,0,
1,1,1,55.21736,0,0,
1,3,1,55.53314,1,0,
1,5,1,55.53314,0,0,
1,4,1,55.84892,0,0,
6,1,1,56.1647,0,0,
6,2,1,56.32259,0,0,
6,5,1,56.48048,0,0,
6,4,1,56.63837,0,0,
6,3,1,56.79626,0,0,
6,2,1,56.95415,0,0,
1,5,1,57.11204,1,0,
6,1,1,57.11204,0,0,
1,1,1,57.42782,1,0,
1,5,1,57.42782,0,0,
1,6,1,57.74361,1,0,
1,0,1,57.74361,0,0,
1,0,1,58.05938,1,0,
1,6,1,58.05938,0,0,
1,5,1,58.37516,1,0,
1,1,1,58.37516,0,0,
1,5,1,58.69094,1,0,
1,1,1,58.69094,0,0,
1,1,1,59.00672,1,0,
1,4,1,59.00672,0,0,
1,5,1,59.16461,0,0,
1,1,1,59.3225,1,0,
1,4,1,59.3225,0,0,
1,5,1,59.48039,0,0,
1,1,1,59.63828,1,0,
1,4,1,59.63828,0,0,
6,5,1,59.71723,1,0,
6,2,1,59.71723,0,0,
6,6,1,59.79617,1,0,
6,3,1,59.79617,0,0,
6,5,1,59.87512,1,0,
6,2,1,59.87512,0,0,
6,1,1,59.95406,1,0,
6,4,1,59.95406,0,0,
1,1,1,60.11196,1,0,
1,4,1,60.11196,0,0,
1,2,1,60.26985,1,0,
1,5,1,60.26985,0,0,
6,1,1,60.34879,1,0,
6,4,1,60.34879,0,0,
6,0,1,60.42774,1,0,
6,3,1,60.42774,0,0,
6,1,1,60.50668,1,0,
6,4,1,60.50668,0,0,
6,2,1,60.58563,1,0,
6,5,1,60.58563,0,0,
1,3,1,60.74352,0,0,
1,5,1,61.53297,1,0,
1,1,1,61.53297,0,0,
1,4,1,61.84875,1,0,
1,2,1,61.84875,0,0,
1,0,1,62.16453,0,0,
1,0,1,62.48031,0,0,
1,0,1,62.7961,0,0,
1,0,1,63.11187,0,0,
1,0,1,63.42765,0,0,
1,0,1,63.74343,0,0,
1,0,1,64.05921,0,0,
1,0,1,64.37499,0,0,
1,0,1,64.69077,0,0,
1,0,1,65.00657,0,0,
3,0,1,65.32236,2,0,
3,4,1,65.32236,0,0,
3,2,1,65.32236,0,0,
3,0,1,65.36184,2,0,
3,4,1,65.36184,0,0,
3,2,1,65.36184,0,0,
3,0,1,65.40132,3,0,
3,1,1,65.40132,0,0,
3,2,1,65.40132,0,0,
3,4,1,65.40132,0,0,
3,0,1,65.44079,4,0,
3,6,1,65.44079,0,0,
3,4,1,65.44079,0,0,
3,2,1,65.44079,0,0,
3,5,1,65.44079,0,0,
3,0,1,65.48026,3,0,
3,2,1,65.48026,0,0,
3,4,1,65.48026,0,0,
3,6,1,65.48026,0,0,
3,0,1,65.51974,3,0,
3,2,1,65.51974,0,0,
3,6,1,65.51974,0,0,
3,4,1,65.51974,0,0,
3,1,1,65.55921,2,0,
3,5,1,65.55921,0,0,
3,4,1,65.55921,0,0,
3,4,1,65.63816,3,0,
3,6,1,65.63816,0,0,
3,5,1,65.63816,0,0,
3,1,1,65.63816,0,0,
3,0,1,65.67764,2,0,
3,2,1,65.67764,0,0,
3,4,1,65.67764,0,0,
3,0,1,65.71711,2,0,
3,4,1,65.71711,0,0,
3,2,1,65.71711,0,0,
3,4,1,65.75659,1,0,
3,0,1,65.75659,0,0,
3,4,1,65.79606,2,0,
3,0,1,65.79606,0,0,
3,2,1,65.79606,0,0,
3,4,1,65.83553,2,0,
3,0,1,65.83553,0,0,
3,2,1,65.83553,0,0,
3,4,1,65.87501,1,0,
3,1,1,65.87501,0,0,
1,0,1,65.95396,0,0,
1,5,1,66.26974,0,0,
1,6,1,66.42763,0,0,
1,2,1,66.58552,0,0,
1,6,1,66.74341,0,0,
1,5,1,66.9013,0,0,
1,1,1,67.05919,0,0,
1,0,1,67.21708,0,0,
1,0,1,67.53286,0,0,
1,0,1,67.84864,0,0,
1,0,1,68.16442,0,0,
1,0,1,68.48021,0,0,
1,0,1,68.79599,0,0,
3,2,1,69.1118,2,0,
3,0,1,69.1118,0,0,
3,4,1,69.1118,0,0,
3,0,1,69.15127,2,0,
3,2,1,69.15127,0,0,
3,4,1,69.15127,0,0,
3,4,1,69.19073,3,0,
3,1,1,69.19073,0,0,
3,2,1,69.19073,0,0,
3,0,1,69.19073,0,0,
3,6,1,69.23022,4,0,
3,0,1,69.23022,0,0,
3,2,1,69.23022,0,0,
3,4,1,69.23022,0,0,
3,5,1,69.23022,0,0,
3,6,1,69.26969,3,0,
3,0,1,69.26969,0,0,
3,2,1,69.26969,0,0,
3,4,1,69.26969,0,0,
3,6,1,69.30917,3,0,
3,0,1,69.30917,0,0,
3,2,1,69.30917,0,0,
3,4,1,69.30917,0,0,
3,1,1,69.34864,2,0,
3,5,1,69.34864,0,0,
3,4,1,69.34864,0,0,
3,1,1,69.42758,3,0,
3,6,1,69.42758,0,0,
3,5,1,69.42758,0,0,
3,4,1,69.42758,0,0,
3,0,1,69.46707,2,0,
3,4,1,69.46707,0,0,
3,2,1,69.46707,0,0,
3,0,1,69.50654,2,0,
3,4,1,69.50654,0,0,
3,2,1,69.50654,0,0,
3,0,1,69.54601,1,0,
3,4,1,69.54601,0,0,
3,0,1,69.58549,2,0,
3,2,1,69.58549,0,0,
3,4,1,69.58549,0,0,
3,4,1,69.62496,2,0,
3,0,1,69.62496,0,0,
3,2,1,69.62496,0,0,
3,1,1,69.66444,1,0,
3,4,1,69.66444,0,0,
1,4,1,69.74339,1,0,
1,2,1,69.74339,0,0,
1,5,1,69.90128,1,0,
1,1,1,69.90128,0,0,
1,6,1,70.05917,1,0,
1,0,1,70.05917,0,0,
1,1,1,70.21706,1,0,
1,5,1,70.21706,0,0,
1,6,1,70.37495,1,0,
1,0,1,70.37495,0,0,
1,1,1,70.53285,1,0,
1,5,1,70.53285,0,0,
1,2,1,70.69073,1,0,
1,4,1,70.69073,0,0,
1,6,1,70.84862,1,0,
1,0,1,70.84862,0,0,
1,0,2,72.26962,0,0,
1,2,2,72.58541,0,0,
1,3,2,72.7433,0,0,
1,4,2,72.90119,0,0,
1,4,2,73.21696,0,0,
1,1,2,73.53275,0,0,
1,0,2,74.16432,0,0,
1,0,2,75.11166,0,0,
1,1,2,75.26955,0,0,
1,4,2,75.42744,0,0,
1,6,2,75.74322,0,0,
1,5,2,76.059,0,0,
1,3,2,76.69056,0,0,
1,2,2,77.32211,0,0,
1,2,2,77.6379,0,0,
1,0,2,77.79579,0,0,
1,2,2,77.95368,0,0,
1,1,2,78.26945,0,0,
1,0,2,78.58524,0,0,
1,5,2,79.21681,0,0,
1,2,2,79.84837,0,0,
1,6,2,80.32204,0,0,
1,1,2,80.47993,0,0,
1,0,2,80.9536,0,0,
1,5,2,81.11149,0,0,
2,4,1,81.74305,1,0.632,
2,2,2,81.74305,0,0.632,
1,0,1,82.3746,1,0,
1,6,4,82.3746,0,0,
1,5,4,82.69039,0,0,
1,3,4,82.84828,0,0,
1,1,4,83.00617,0,0,
1,0,4,83.32195,0,0,
1,1,4,83.63773,1,0,
1,5,4,83.63773,0,0,
1,2,4,83.79564,0,0,
1,3,4,83.95352,0,0,
1,4,4,84.11141,0,0,
1,1,4,84.26929,1,0,
1,5,4,84.26929,0,0,
1,4,4,84.42719,0,0,
1,3,4,84.58508,0,0,
1,2,4,84.74297,0,0,
1,1,4,84.90086,1,0,
1,5,1,84.90086,0,0,
1,6,4,85.21664,0,0,
1,5,4,85.37453,0,0,
1,6,4,85.53242,0,0,
1,3,4,85.8482,0,0,
1,2,4,86.16398,0,0,
1,5,4,86.24293,0,0,
1,2,4,86.32187,0,0,
1,5,4,86.40083,0,0,
1,2,4,86.47978,0,0,
1,4,4,86.63766,0,0,
1,1,4,86.79557,0,0,
1,6,4,86.95346,0,0,
1,3,4,87.11137,0,0,
1,5,4,87.26927,0,0,
1,0,4,87.42716,0,0,
1,1,4,87.74294,0,0,
1,3,4,87.90083,0,0,
1,5,4,88.05872,0,0,
1,6,4,88.37451,0,0,
1,3,4,88.69028,0,0,
1,5,4,89.32185,0,0,
1,5,4,89.95341,0,0,
1,5,4,90.11131,0,0,
1,1,4,90.2692,0,0,
1,1,4,90.42709,0,0,
1,5,4,90.585,0,0,
1,2,4,90.66395,0,0,
1,4,4,90.7429,0,0,
1,1,4,90.82185,0,0,
1,5,4,90.90079,0,0,
1,2,4,90.97975,0,0,
1,4,4,91.05869,0,0,
1,1,4,91.13764,0,0,
2,6,1,92.47972,1,1.106,
2,0,1,92.47972,0,1.106,
1,5,1,93.74284,0,0,
1,4,1,93.90073,0,0,
1,1,1,94.21651,0,0,
1,2,1,94.3744,0,0,
1,3,1,94.69018,0,0,
2,4,1,95.00595,1,1.106,
2,2,1,95.00595,0,1.106,
1,5,1,96.26908,0,0,
1,1,1,96.42697,0,0,
1,0,1,96.58486,0,0,
1,1,1,96.74275,0,0,
1,0,1,96.90063,0,0,
1,6,1,97.21642,0,0,
2,1,1,97.53221,1,0.632,
2,5,1,97.53221,0,0.632,
1,1,1,98.32166,0,0,
1,5,1,98.47955,0,0,
2,0,1,98.79533,1,0.632,
2,3,1,98.79533,0,0.632,
6,4,1,99.58481,1,0,
6,1,1,99.58481,0,0,
6,5,1,99.66376,1,0,
6,2,1,99.66376,0,0,
6,6,1,99.74272,1,0,
6,3,1,99.74272,0,0,
2,6,1,100.0585,1,0.632,
2,3,1,100.0585,0,0.632,
1,5,1,100.848,1,0,
1,1,1,100.848,0,0,
1,4,1,101.0059,1,0,
1,2,1,101.0059,0,0,
2,3,1,101.3216,0,0.632,
1,1,1,101.9532,0,0,
1,0,1,102.1111,0,0,
6,1,1,102.1901,0,0,
6,2,1,102.269,0,0,
6,3,1,102.348,0,0,
6,4,1,102.4269,0,0,
6,5,1,102.5059,0,0,
6,6,1,102.5848,1,0,
1,0,1,102.5848,0,0,
1,0,1,102.7427,0,0,
1,0,1,102.9006,0,0,
1,0,1,103.0585,0,0,
1,0,1,103.2164,1,0,
1,2,1,103.2164,0,0,
1,1,1,103.3743,0,0,
1,1,1,103.5322,0,0,
1,1,1,103.69,0,0,
1,1,1,103.8479,1,0,
1,3,1,103.8479,0,0,
1,2,1,104.0058,0,0,
1,2,1,104.1637,0,0,
1,2,1,104.3216,0,0,
1,2,1,104.4795,1,0,
1,4,1,104.4795,0,0,
1,3,1,104.6374,0,0,
1,3,1,104.7953,0,0,
1,3,1,104.9532,0,0,
1,3,1,105.1111,1,0,
1,5,1,105.1111,0,0,
1,4,1,105.269,1,0,
1,1,1,105.269,0,0,
1,2,1,105.4268,1,0,
1,4,1,105.4268,0,0,
1,0,1,105.5847,1,0,
1,3,1,105.5847,0,0,
1,2,1,105.7426,1,0,
1,5,1,105.7426,0,0,
1,6,1,105.9005,1,0,
1,3,1,105.9005,0,0,
1,4,1,106.0584,1,0,
1,1,1,106.0584,0,0,
1,3,1,106.2163,1,0,
1,6,1,106.2163,0,0,
1,4,1,106.3742,1,0,
1,0,1,106.3742,0,0,
1,5,1,106.5321,1,0,
1,1,1,106.5321,0,0,
1,4,1,106.69,1,0,
1,2,1,106.69,0,0,
1,5,1,106.8479,1,0,
1,1,1,106.8479,0,0,
1,3,1,107.0057,1,0,
1,6,1,107.0057,0,0,
1,2,1,107.1636,1,0,
1,5,1,107.1636,0,0,
1,4,1,107.3215,1,0,
1,1,1,107.3215,0,0,
1,0,1,107.4794,1,0,
1,6,1,107.4794,0,0,
1,1,1,107.6373,0,0,
1,5,1,107.7163,0,0,
1,1,1,107.7952,0,0,
1,5,1,107.8742,0,0,
1,1,1,107.9531,0,0,
1,5,1,108.0321,0,0,
1,1,1,108.111,0,0,
1,5,1,108.19,0,0,
1,1,1,108.2689,0,0,
1,5,1,108.3478,0,0,
1,1,1,108.4268,0,0,
1,5,1,108.5057,0,0,
1,1,1,108.5847,0,0,
1,5,1,108.6636,0,0,
1,1,1,108.7426,0,0,
1,5,1,108.8215,0,0,
1,1,1,108.9005,0,0,
1,5,1,108.9794,0,0,
1,1,1,109.0584,0,0,
1,5,1,109.1373,0,0,
1,1,1,109.2163,0,0,
1,0,1,109.5321,0,0,
1,3,1,109.611,0,0,
1,1,1,109.69,0,0,
1,4,1,109.7689,0,0,
1,2,1,109.8479,0,0,
1,6,1,110.1637,0,0,
1,3,1,110.2426,0,0,
1,5,1,110.3216,0,0,
1,2,1,110.4005,0,0,
1,4,1,110.4795,0,0,
1,1,1,110.7953,1,0,
1,5,1,110.7953,0,0,
1,1,1,111.4269,1,0,
1,5,1,111.4269,0,0,
1,2,1,111.5847,0,0,
1,1,1,111.7426,1,0,
1,4,1,111.7426,0,0,
1,5,1,111.9005,0,0,
1,6,1,112.0584,1,0,
1,3,1,112.0584,0,0,
1,2,1,112.2163,0,0,
1,0,1,112.3742,1,0,
1,3,1,112.3742,0,0,
1,4,1,112.5321,0,0,
1,3,1,112.69,1,0,
1,6,1,112.69,0,0,
1,4,1,112.8479,0,0,
1,6,1,113.0058,1,0,
1,2,1,113.0058,0,0,
1,5,1,113.1637,0,0,
1,4,1,113.3215,1,0,
1,1,1,113.3215,0,0,
1,2,1,113.4794,0,0,
1,0,1,113.6373,1,0,
1,4,1,113.6373,0,0,
1,3,1,113.7952,0,0,
1,1,1,113.9531,0,0,
1,1,1,114.111,0,0,
1,5,1,114.19,0,0,
1,2,1,114.2689,0,0,
1,4,1,114.4268,0,0,
1,1,1,114.5847,0,0,
1,5,1,114.7426,0,0,
1,2,1,114.8215,0,0,
1,4,1,114.9005,0,0,
1,0,1,115.0584,0,0,
1,6,1,115.2163,0,0,
1,1,1,115.3742,0,0,
1,5,1,115.69,0,0,
1,2,1,116.0057,0,0,
1,1,1,116.3215,0,0,
1,2,1,116.4794,1,0,
1,4,1,116.4794,0,0,
1,6,1,116.6373,0,0,
1,0,1,116.7952,1,0,
1,4,1,116.7952,0,0,
1,1,1,116.9531,0,0,
1,4,1,117.111,1,0,
1,2,1,117.111,0,0,
1,5,1,117.2689,0,0,
1,0,1,117.4268,1,0,
1,6,1,117.4268,0,0,
1,2,1,117.5846,0,0,
1,6,1,117.7425,1,0,
1,4,1,117.7425,0,0,
1,4,1,117.9004,0,0,
1,5,1,118.0583,1,0,
1,1,1,118.0583,0,0,
1,3,1,118.2162,0,0,
1,0,1,118.3741,1,0,
1,4,1,118.3741,0,0,
1,6,1,118.532,0,0,
1,5,1,118.6899,1,0,
1,1,1,118.6899,0,0,
1,3,1,118.8478,0,0,
1,2,1,119.0057,1,0,
1,6,1,119.0057,0,0,
1,5,1,119.1635,0,0,
1,0,1,119.3214,1,0,
1,4,1,119.3214,0,0,
1,1,1,119.4793,0,0,
1,2,1,119.6372,1,0,
1,5,1,119.6372,0,0,
1,4,1,119.7951,0,0,
1,0,1,119.953,1,0,
1,3,1,119.953,0,0,
1,1,1,120.1109,0,0,
1,6,1,120.4267,1,0,
1,0,1,120.4267,0,0,
1,5,1,120.7424,1,0,
1,1,1,120.7424,0,0,
1,4,1,121.0582,1,0,
1,2,1,121.0582,0,0,
1,2,1,121.5319,1,0,
1,6,1,121.5319,0,0,
1,5,1,121.6898,0,0,
1,1,1,121.8477,1,0,
1,6,1,121.8477,0,0,
1,2,1,122.0056,0,0,
1,1,1,122.1635,1,0,
1,5,1,122.1635,0,0,
1,0,1,122.3214,0,0,
1,6,1,122.4792,1,0,
1,1,1,122.4792,0,0,
1,3,1,122.6371,0,0,
1,6,1,123.1108,1,0,
1,3,1,123.1108,0,0,
1,1,1,123.4266,1,0,
1,4,1,123.4266,0,0,
1,0,1,123.7424,1,0,
1,3,1,123.7424,0,0,
1,6,1,124.0581,0,0,
1,4,1,124.216,0,0,
1,1,1,124.295,0,0,
1,3,1,124.3739,0,0,
1,0,1,124.5318,0,0,
1,2,1,124.6897,0,0,
1,5,1,124.8476,0,0,
1,3,1,124.9266,0,0,
1,6,1,125.0055,0,0,
1,3,1,125.1634,0,0,
1,6,1,125.3213,1,0,
1,1,1,125.3213,0,0,
1,5,1,125.6371,1,0,
1,1,1,125.6371,0,0,
1,0,1,125.9529,1,0,
1,4,1,125.9529,0,0,
1,6,1,126.2687,1,0,
1,2,1,126.2687,0,0,
1,0,1,126.5845,1,0,
1,5,1,126.5845,0,0,
1,1,1,126.7423,0,0,
1,0,1,126.9002,1,0,
1,5,1,126.9002,0,0,
1,6,1,127.0581,0,0,
1,5,1,127.216,1,0,
1,0,1,127.216,0,0,
1,1,1,127.3739,0,0,
1,0,1,127.5318,1,0,
1,5,1,127.5318,0,0,
1,6,1,127.6897,0,0,
1,0,1,127.8476,1,0,
1,5,1,127.8476,0,0,
1,1,1,128.0055,0,0,
1,0,1,128.1634,1,0,
1,5,1,128.1634,0,0,
1,6,1,128.3213,0,0,
1,6,1,128.4792,0,0,
6,5,1,128.5186,0,0,
6,4,1,128.5581,0,0,
6,4,1,128.5976,0,0,
6,5,1,128.6371,0,0,
1,0,1,128.795,0,0,
6,1,1,128.8344,0,0,
6,2,1,128.8739,0,0,
6,2,1,128.9134,0,0,
6,1,1,128.9529,0,0,
1,5,1,129.1108,1,0,
1,1,1,129.1108,0,0,
1,3,1,129.2687,0,0,
1,4,1,129.4266,1,0,
1,2,1,129.4266,0,0,
1,3,1,129.5845,0,0,
1,0,1,129.7423,1,0,
1,6,1,129.7423,0,0,
1,3,1,129.9002,0,0,
1,5,1,130.0581,1,0,
1,1,1,130.0581,0,0,
1,2,1,130.216,1,0,
1,4,1,130.216,0,0,
1,3,1,130.3739,0,0,
1,1,1,130.4529,0,0,
1,5,1,130.5318,0,0,
1,2,1,130.6108,0,0,
1,4,1,130.6897,0,0,
1,2,1,130.8476,0,0,
1,1,1,131.0055,1,0,
1,6,1,131.0055,0,0,
1,5,1,131.1634,0,0,
1,0,1,131.3213,1,0,
1,4,1,131.3213,0,0,
1,1,1,131.4792,0,0,
1,2,1,131.6371,1,0,
1,5,1,131.6371,0,0,
2,1,1,132.9002,0,0.1053333,
1,5,1,137.0054,0,0,
-1,0,0,0,0,0,