0,0,0,0,0,0,
1,2,1,1.917186,0,0,
1,3,1,2.517186,0,0,
1,4,1,3.117186,0,0,
1,6,1,3.717186,0,0,
1,1,1,4.317186,0,0,
1,6,1,4.917186,0,0,
1,2,1,5.517186,0,0,
1,2,1,5.817186,0,0,
1,3,1,6.117187,0,0,
1,3,1,6.717187,0,0,
1,6,1,7.017187,0,0,
1,3,1,7.317187,0,0,
1,6,1,7.917187,0,0,
1,0,1,8.517187,0,0,
1,6,1,9.117188,0,0,
1,3,1,9.717188,0,0,
1,2,1,10.317188,0,0,
1,1,1,10.617188,0,0,
1,1,1,10.917189,0,0,
1,3,1,10.992188,0,0,
1,3,1,11.067188,0,0,
1,0,1,11.142188,0,0,
1,6,1,11.217188,0,0,
1,5,1,11.367188,0,0,
1,2,1,11.442187,0,0,
1,2,1,11.517187,0,0,
1,0,1,11.667187,0,0,
1,2,1,11.742187,0,0,
1,0,1,11.817186,0,0,
1,4,1,11.967186,0,0,
1,6,1,12.117186,0,0,
1,6,1,12.192185,0,0,
1,6,1,12.267185,0,0,
1,5,1,12.417185,0,0,
1,2,1,12.567184,0,0,
1,0,1,12.642184,0,0,
1,4,1,12.717184,0,0,
1,6,1,12.867184,0,0,
1,5,1,13.017183,0,0,
1,1,1,13.167183,0,0,
1,3,1,13.317183,0,0,
1,4,1,13.392182,0,0,
1,5,1,13.467182,0,0,
1,4,1,13.617182,0,0,
1,2,1,13.767181,0,0,
1,0,1,13.842181,0,0,
1,2,1,13.917181,0,0,
1,0,1,14.067181,0,0,
1,4,1,14.217180,0,0,
1,6,1,14.367180,0,0,
1,5,1,14.517179,0,0,
1,3,1,14.592179,0,0,
1,2,1,14.667179,0,0,
1,3,1,14.817179,0,0,
1,1,1,14.967178,0,0,
1,0,1,15.042178,0,0,
1,2,1,15.117178,0,0,
1,6,1,15.267178,0,0,
1,3,1,15.417177,0,0,
1,0,1,15.567177,0,0,
1,6,1,15.717176,0,0,
1,4,1,15.792176,0,0,
1,1,1,15.867176,0,0,
1,4,1,16.017176,0,0,
1,2,1,16.167177,0,0,
1,1,1,16.242178,0,0,
1,5,1,16.317179,0,0,
1,6,1,16.392179,0,0,
1,0,1,16.467180,0,0,
1,3,1,16.617182,0,0,
1,2,1,16.917185,0,0,
1,1,1,16.992186,0,0,
1,5,1,17.067186,0,0,
1,0,1,17.217188,0,0,
1,0,1,17.367189,0,0,
1,1,1,17.442190,0,0,
1,2,1,17.517191,0,0,
1,0,1,17.667192,0,0,
1,0,1,17.817194,0,0,
1,5,1,17.967196,0,0,
1,0,1,18.117197,0,0,
1,1,1,18.192198,0,0,
1,3,1,18.267199,0,0,
1,2,1,18.417200,0,0,
1,0,1,18.567202,0,0,
1,6,1,18.642202,0,0,
1,0,1,18.717203,0,0,
1,4,1,18.867205,0,0,
1,2,1,19.017206,0,0,
1,6,1,19.167208,0,0,
1,2,1,19.317209,0,0,
1,0,1,19.392210,0,0,
1,5,1,19.467211,0,0,
1,6,1,19.617212,0,0,
1,3,1,19.767214,0,0,
1,0,1,19.842215,0,0,
1,5,1,19.917215,0,0,
1,1,1,20.067217,0,0,
1,4,1,20.217218,0,0,
1,6,1,20.367220,0,0,
1,5,1,20.517221,0,0,
1,5,1,20.592222,0,0,
1,5,1,20.667223,0,0,
1,5,1,20.817225,0,0,
1,4,1,20.967226,0,0,
1,5,1,21.042227,0,0,
1,6,1,21.117228,0,0,
1,0,1,21.192228,0,0,
1,3,1,21.267229,0,0,
1,5,1,21.417231,0,0,
1,0,1,21.717234,0,0,
1,5,1,22.167234,0,0,
1,1,1,22.617235,0,0,
1,4,1,23.067236,0,0,
1,2,1,23.517237,0,0,
1,3,1,23.967237,0,0,
1,6,1,24.417238,0,0,
1,5,1,24.867239,0,0,
1,4,1,25.317240,0,0,
1,5,1,26.517221,0,0,
1,3,1,27.117222,0,0,
1,0,1,27.717222,0,0,
1,6,1,27.867224,0,0,
1,0,1,28.017225,0,0,
1,5,1,28.167227,0,0,
1,4,1,28.317228,0,0,
1,6,1,28.467230,0,0,
1,2,1,28.617231,0,0,
1,2,1,28.767233,0,0,
1,1,1,28.917234,0,0,
1,6,1,29.067236,0,0,
1,1,1,29.142237,0,0,
1,4,1,29.217237,0,0,
1,6,1,29.367239,0,0,
1,1,1,29.517241,0,0,
1,4,1,29.667242,0,0,
1,1,1,29.817244,0,0,
1,2,1,29.967245,0,0,
1,0,1,30.117247,0,0,
1,0,1,30.267248,0,0,
1,1,1,30.417250,0,0,
1,3,1,30.567251,0,0,
1,3,1,30.717253,0,0,
1,2,1,30.867254,0,0,
1,4,1,31.017256,0,0,
1,2,1,31.167257,0,0,
1,4,1,31.317259,0,0,
1,2,1,31.467260,0,0,
1,6,1,31.542261,0,0,
1,5,1,31.617262,0,0,
1,3,1,31.767263,0,0,
1,6,1,31.917265,0,0,
1,6,1,32.067265,0,0,
1,6,1,32.217266,0,0,
1,1,1,32.367268,0,0,
1,0,1,32.517269,0,0,
1,4,1,32.667271,0,0,
1,3,1,32.817272,0,0,
1,3,1,32.892273,0,0,
1,4,1,32.967274,0,0,
1,6,1,33.117275,0,0,
1,6,1,33.267277,0,0,
1,3,1,33.342278,0,0,
1,4,1,33.492279,0,0,
1,3,1,33.567280,0,0,
1,2,1,33.717281,0,0,
1,0,1,33.867283,0,0,
1,4,1,34.017284,0,0,
1,3,1,34.092285,0,0,
1,4,1,34.167286,0,0,
1,5,1,34.317287,0,0,
1,1,1,34.392288,0,0,
1,4,1,34.467289,0,0,
1,5,1,34.542290,0,0,
1,6,1,34.617290,0,0,
1,3,1,34.767292,0,0,
1,0,1,34.917294,0,0,
1,4,1,35.067295,0,0,
1,3,1,35.142296,0,0,
1,4,1,35.217297,0,0,
1,6,1,35.367298,0,0,
1,6,1,35.517300,0,0,
1,0,1,35.667301,0,0,
1,0,1,35.742302,0,0,
1,1,1,35.817303,0,0,
1,4,1,35.967304,0,0,
1,3,1,36.117306,0,0,
1,1,1,36.267307,0,0,
1,4,1,36.342308,0,0,
1,6,1,36.417309,0,0,
1,5,1,36.567310,0,0,
1,3,1,36.717312,0,0,
1,6,1,37.017315,0,0,
1,4,1,37.317318,0,0,
1,1,1,37.467319,0,0,
1,6,1,37.617321,0,0,
1,5,1,37.692322,0,0,
1,1,1,37.767323,0,0,
1,2,1,37.917324,0,0,
1,5,1,38.067326,0,0,
1,5,1,38.217327,0,0,
1,0,1,38.292328,0,0,
1,3,1,38.367329,0,0,
1,3,1,38.517330,0,0,
1,0,1,38.667332,0,0,
1,0,1,38.742332,0,0,
1,2,1,38.817333,0,0,
1,5,1,38.967335,0,0,
1,2,1,39.117336,0,0,
1,3,1,39.192337,0,0,
1,1,1,39.267338,0,0,
1,0,1,39.342339,0,0,
1,4,1,39.417339,0,0,
1,5,1,39.567341,0,0,
1,2,1,39.717342,0,0,
1,3,1,39.867344,0,0,
1,6,1,40.017345,0,0,
1,5,1,40.092346,0,0,
1,1,1,40.167347,0,0,
1,3,1,40.317348,0,0,
1,2,1,40.467350,0,0,
1,2,1,40.617352,0,0,
1,4,1,40.692352,0,0,
1,2,1,40.767353,0,0,
1,6,1,40.917355,0,0,
1,3,1,41.067356,0,0,
1,2,1,41.142357,0,0,
1,5,1,41.217358,0,0,
1,0,1,41.367359,0,0,
1,6,1,41.517361,0,0,
1,0,1,41.592361,0,0,
1,1,1,41.667362,0,0,
1,0,1,41.742363,0,0,
1,0,1,41.817364,0,0,
1,5,1,41.967365,0,0,
1,4,1,42.117367,0,0,
1,5,1,42.267368,0,0,
1,4,1,42.417370,0,0,
1,1,1,42.492371,0,0,
1,0,1,42.567371,0,0,
1,2,1,42.717373,0,0,
1,6,1,42.867374,0,0,
1,6,1,42.942375,0,0,
1,6,1,43.092377,0,0,
1,2,1,43.167377,0,0,
1,0,1,43.317379,0,0,
1,0,1,43.467381,0,0,
1,5,1,43.617382,0,0,
1,4,1,43.692383,0,0,
1,1,1,43.767384,0,0,
1,3,1,43.917385,0,0,
1,5,1,43.992386,0,0,
1,6,1,44.067387,0,0,
1,3,1,44.142387,0,0,
1,6,1,44.217388,0,0,
1,3,1,44.367390,0,0,
1,6,1,44.517391,0,0,
1,0,1,44.667393,0,0,
1,5,1,44.742393,0,0,
1,4,1,44.817394,0,0,
1,6,1,44.967396,0,0,
1,2,1,45.117397,0,0,
1,1,1,45.267399,0,0,
1,1,1,45.342400,0,0,
1,6,1,45.417400,0,0,
1,2,1,45.567402,0,0,
1,1,1,45.717403,0,0,
1,6,1,45.867405,0,0,
1,3,1,45.942406,0,0,
1,3,1,46.017406,0,0,
1,4,1,46.167408,0,0,
1,3,1,46.317410,0,0,
1,1,1,46.617413,0,0,
1,4,1,46.917416,0,0,
1,2,1,47.217415,0,0,
1,6,1,47.517414,0,0,
1,6,1,47.817413,0,0,
1,0,1,48.117413,0,0,
1,4,1,48.417412,0,0,
1,4,1,48.717411,0,0,
1,0,1,49.017410,0,0,
1,3,1,49.317410,0,0,
1,2,1,49.617409,0,0,
1,1,1,49.917412,0,0,
1,3,1,50.217415,0,0,
1,1,1,50.442417,0,0,
1,3,1,50.517418,0,0,
1,1,1,50.817417,0,0,
1,4,1,51.117416,0,0,
1,6,1,51.417416,0,0,
1,4,1,51.717415,0,0,
1,2,1,52.017414,0,0,
1,4,1,52.317413,0,0,
1,3,1,52.617416,0,0,
1,4,1,52.917419,0,0,
1,0,1,53.067421,0,0,
1,5,1,53.217422,0,0,
1,6,1,53.367424,0,0,
1,2,1,53.517426,0,0,
1,5,1,53.667427,0,0,
1,4,1,53.817429,0,0,
1,6,1,53.967430,0,0,
1,0,1,54.117432,0,0,
1,3,1,54.417431,0,0,
1,5,1,54.717430,0,0,
1,5,1,55.017429,0,0,
1,1,1,55.317429,0,0,
1,6,1,55.617428,0,0,
1,3,1,55.917427,0,0,
1,4,1,56.217430,0,0,
1,3,1,56.517433,0,0,
1,4,1,56.742435,0,0,
1,3,1,56.817436,0,0,
1,0,1,57.117439,0,0,
1,4,1,57.417442,0,0,
1,4,1,57.642445,0,0,
1,3,1,57.717445,0,0,
1,5,1,58.017445,0,0,
1,0,1,58.317444,0,0,
1,0,1,58.617443,0,0,
1,1,1,58.917442,0,0,
1,3,1,59.217442,0,0,
1,5,1,59.517441,0,0,
1,4,1,59.817440,0,0,
1,5,1,60.117439,0,0,
1,1,1,60.417439,0,0,
1,3,1,60.717438,0,0,
1,5,1,61.017437,0,0,
1,2,1,61.317436,0,0,
1,2,1,63.717438,0,0,
1,6,1,64.917450,0,0,
1,2,1,65.817459,0,0,
1,2,1,65.967461,0,0,
1,5,1,66.117462,0,0,
1,6,1,67.317474,0,0,
1,1,1,68.217484,0,0,
1,4,1,68.367485,0,0,
1,3,1,68.517487,0,0,
1,3,1,69.717499,0,0,
1,5,1,70.617508,0,0,
1,2,1,70.767509,0,0,
1,4,1,70.917511,0,0,
1,1,1,72.117523,0,0,
1,0,1,72.717529,0,0,
1,2,1,73.017532,0,0,
1,2,1,73.167534,0,0,
1,2,1,73.317535,0,0,
1,0,1,73.617538,0,0,
1,0,1,73.917542,0,0,
1,6,1,74.517548,0,0,
1,5,1,74.817551,0,0,
1,6,1,75.117554,0,0,
1,6,1,75.417557,0,0,
1,1,1,75.567558,0,0,
1,5,1,75.717560,0,0,
1,5,1,76.017563,0,0,
1,5,1,76.317566,0,0,
1,2,1,76.917572,0,0,
1,3,1,77.217575,0,0,
1,5,1,77.517578,0,0,
1,0,1,77.817581,0,0,
1,2,1,77.967583,0,0,
1,1,1,78.117584,0,0,
1,1,1,78.417587,0,0,
1,1,1,78.717590,0,0,
1,6,1,79.017593,0,0,
1,5,1,79.167595,0,0,
1,2,1,79.317596,0,0,
1,1,1,79.617599,0,0,
1,1,1,79.917603,0,0,
1,6,1,80.217606,0,0,
1,4,1,80.367607,0,0,
1,0,1,80.517609,0,0,
1,6,1,80.817612,0,0,
1,1,1,81.117615,0,0,
1,3,1,81.417618,0,0,
1,0,1,81.717621,0,0,
1,6,1,81.867622,0,0,
1,0,1,82.017624,0,0,
1,2,1,82.167625,0,0,
1,1,1,82.317627,0,0,
1,5,1,82.467628,0,0,
1,1,1,82.617630,0,0,
1,4,1,82.767632,0,0,
1,0,1,82.917633,0,0,
1,2,1,83.017632,0,0,
1,2,1,83.117630,0,0,
1,3,1,83.217628,0,0,
1,5,1,83.317627,0,0,
1,5,1,83.417625,0,0,
1,0,1,83.517624,0,0,
1,1,1,83.617622,0,0,
1,3,1,83.717621,0,0,
1,0,1,83.817619,0,0,
1,1,1,83.917618,0,0,
1,0,1,84.017616,0,0,
1,0,1,84.117615,0,0,
1,1,1,84.217613,0,0,
1,5,1,84.317612,0,0,
1,5,1,84.417610,0,0,
1,4,1,84.517609,0,0,
1,3,1,84.617607,0,0,
1,3,1,84.717606,0,0,
1,6,1,84.817604,0,0,
1,6,1,84.917603,0,0,
1,5,1,85.017601,0,0,
1,2,1,85.117599,0,0,
1,5,1,85.217598,0,0,
1,6,1,85.317596,0,0,
1,4,1,85.417595,0,0,
1,0,1,85.517593,0,0,
1,4,1,85.617592,0,0,
1,5,1,85.717590,0,0,
1,4,1,85.817589,0,0,
1,5,1,85.917587,0,0,
1,0,1,86.017586,0,0,
1,3,1,86.117584,0,0,
1,1,1,86.217583,0,0,
1,6,1,86.317581,0,0,
1,5,1,86.417580,0,0,
1,5,1,86.517578,0,0,
1,5,1,86.617577,0,0,
1,0,1,86.717575,0,0,
1,0,1,86.817574,0,0,
1,4,1,86.917572,0,0,
1,4,1,87.017570,0,0,
1,3,1,87.117569,0,0,
1,3,1,87.217567,0,0,
1,2,1,87.317566,0,0,
1,3,1,87.417564,0,0,
1,4,1,87.517563,0,0,
1,1,1,87.617561,0,0,
1,5,1,87.717560,0,0,
1,3,1,87.867554,0,0,
1,0,1,87.942551,0,0,
1,5,1,88.017548,0,0,
1,6,1,88.167542,0,0,
1,0,1,88.317535,0,0,
1,0,1,88.467529,0,0,
1,6,1,88.542526,0,0,
1,0,1,88.617523,0,0,
1,6,1,88.767517,0,0,
1,0,1,88.917511,0,0,
1,3,1,89.067505,0,0,
1,1,1,89.142502,0,0,
1,4,1,89.217499,0,0,
1,0,1,89.367493,0,0,
1,4,1,89.442490,0,0,
1,2,1,89.517487,0,0,
1,6,1,89.667480,0,0,
1,3,1,89.817474,0,0,
1,3,1,89.967468,0,0,
1,4,1,90.042465,0,0,
1,0,1,90.117462,0,0,
1,5,1,90.267456,0,0,
1,5,1,90.417450,0,0,
1,0,1,90.567444,0,0,
1,6,1,90.642441,0,0,
1,5,1,90.717438,0,0,
1,2,1,90.867432,0,0,
1,1,1,91.017426,0,0,
1,1,1,91.167419,0,0,
1,5,1,91.242416,0,0,
1,3,1,91.317413,0,0,
1,3,1,91.467407,0,0,
1,0,1,91.542404,0,0,
1,6,1,91.617401,0,0,
1,0,1,91.767395,0,0,
1,2,1,91.917389,0,0,
1,1,1,92.017387,0,0,
1,5,1,92.117386,0,0,
1,4,1,92.217384,0,0,
1,0,1,92.317383,0,0,
1,4,1,92.417381,0,0,
1,1,1,92.517380,0,0,
1,2,1,92.617378,0,0,
1,2,1,92.717377,0,0,
1,5,1,92.817375,0,0,
1,3,1,92.917374,0,0,
1,5,1,93.017372,0,0,
1,0,1,93.117371,0,0,
1,2,1,93.217369,0,0,
1,5,1,93.317368,0,0,
1,6,1,93.417366,0,0,
1,6,1,93.517365,0,0,
1,6,1,93.617363,0,0,
1,2,1,93.717361,0,0,
1,2,1,93.817360,0,0,
1,1,1,93.917358,0,0,
1,1,1,94.017357,0,0,
1,5,1,94.117355,0,0,
1,0,1,94.217354,0,0,
1,6,1,94.317352,0,0,
1,5,1,94.417351,0,0,
1,4,1,94.517349,0,0,
1,1,1,94.617348,0,0,
1,2,1,94.717346,0,0,
1,5,1,94.817345,0,0,
1,6,1,94.917343,0,0,
1,1,1,95.017342,0,0,
1,2,1,95.117340,0,0,
1,4,1,95.217339,0,0,
1,4,1,95.317337,0,0,
1,5,1,95.417336,0,0,
1,5,1,95.517334,0,0,
1,0,1,95.617332,0,0,
1,2,1,95.717331,0,0,
1,5,1,95.817329,0,0,
1,4,1,95.917328,0,0,
1,2,1,96.017326,0,0,
1,4,1,96.117325,0,0,
1,5,1,96.217323,0,0,
1,1,1,96.317322,0,0,
1,3,1,96.417320,0,0,
1,3,1,96.567314,0,0,
1,2,1,96.642311,0,0,
1,4,1,96.717308,0,0,
1,6,1,96.867302,0,0,
1,6,1,96.942299,0,0,
1,5,1,97.017296,0,0,
1,4,1,97.092293,0,0,
1,4,1,97.242287,0,0,
1,3,1,97.317284,0,0,
1,2,1,97.467278,0,0,
1,0,1,97.617271,0,0,
1,6,1,97.767265,0,0,
1,6,1,97.842262,0,0,
1,2,1,97.917259,0,0,
1,2,1,98.067253,0,0,
1,3,1,98.142250,0,0,
1,6,1,98.217247,0,0,
1,4,1,98.292244,0,0,
1,6,1,98.442238,0,0,
1,2,1,98.517235,0,0,
1,0,1,98.667229,0,0,
1,0,1,98.817223,0,0,
1,1,1,98.967216,0,0,
1,3,1,99.042213,0,0,
1,6,1,99.117210,0,0,
1,4,1,99.267204,0,0,
1,4,1,99.417198,0,0,
1,6,1,99.567192,0,0,
1,0,1,99.642189,0,0,
1,3,1,99.717186,0,0,
1,5,1,99.867180,0,0,
1,1,1,100.017174,0,0,
1,3,1,100.167168,0,0,
1,2,1,100.317162,0,0,
1,2,1,100.392159,0,0,
1,6,1,100.467155,0,0,
1,4,1,100.617149,0,0,
1,4,1,100.767143,0,0,
1,4,1,100.917137,0,0,
1,3,1,100.992134,0,0,
1,3,1,101.067131,0,0,
1,2,1,101.217125,0,0,
1,6,1,102.417076,0,0,
1,5,1,102.492073,0,0,
1,2,1,102.567070,0,0,
1,6,1,102.642067,0,0,
1,5,1,102.717064,0,0,
1,2,1,102.792061,0,0,
1,2,1,102.867058,0,0,
1,5,1,102.942055,0,0,
1,6,1,103.017052,0,0,
1,6,1,103.092049,0,0,
1,5,1,103.167046,0,0,
1,3,1,103.242043,0,0,
1,5,1,103.317039,0,0,
1,1,1,103.392036,0,0,
1,2,1,103.467033,0,0,
1,5,1,103.542030,0,0,
1,3,1,103.617027,0,0,
1,2,1,103.692024,0,0,
1,3,1,103.767021,0,0,
1,3,1,103.842018,0,0,
1,5,1,103.917015,0,0,
1,2,1,103.992012,0,0,
1,3,1,104.067009,0,0,
1,2,1,104.142006,0,0,
1,6,1,104.217003,0,0,
1,1,1,104.292000,0,0,
1,6,1,104.366997,0,0,
1,4,1,104.441994,0,0,
1,0,1,104.516991,0,0,
1,3,1,104.591988,0,0,
1,5,1,104.666985,0,0,
1,5,1,104.741982,0,0,
1,2,1,104.816978,0,0,
1,3,1,104.891975,0,0,
1,1,1,104.966972,0,0,
1,6,1,105.041969,0,0,
1,3,1,105.116966,0,0,
1,1,1,105.191963,0,0,
1,6,1,105.266960,0,0,
1,2,1,105.341957,0,0,
1,4,1,105.416954,0,0,
1,0,1,105.491951,0,0,
1,4,1,105.566948,0,0,
1,3,1,105.641945,0,0,
1,3,1,105.716942,0,0,
1,4,1,105.791939,0,0,
1,3,1,105.866936,0,0,
1,4,1,105.941933,0,0,
1,1,1,106.016930,0,0,
1,2,1,106.091927,0,0,
1,3,1,106.166924,0,0,
1,1,1,106.241920,0,0,
1,0,1,106.316917,0,0,
1,3,1,106.391914,0,0,
1,3,1,106.466911,0,0,
1,1,1,106.541908,0,0,
1,5,1,106.616905,0,0,
1,1,1,106.691902,0,0,
1,6,1,106.766899,0,0,
1,5,1,106.841896,0,0,
1,5,1,106.916893,0,0,
1,4,1,106.991890,0,0,
1,1,1,107.066887,0,0,
1,6,1,107.141884,0,0,
1,0,1,107.216881,0,0,
1,3,1,107.291878,0,0,
1,4,1,107.366875,0,0,
1,4,1,107.441872,0,0,
1,6,1,107.516869,0,0,
1,0,1,107.591866,0,0,
1,1,1,107.666862,0,0,
1,2,1,107.741859,0,0,
1,5,1,107.816856,0,0,
1,6,1,107.891853,0,0,
1,2,1,107.966850,0,0,
1,6,1,108.041847,0,0,
1,4,1,108.116844,0,0,
1,3,1,108.191841,0,0,
1,6,1,108.266838,0,0,
1,0,1,108.341835,0,0,
1,4,1,108.416832,0,0,
1,3,1,108.491829,0,0,
1,6,1,108.566826,0,0,
1,1,1,108.641823,0,0,
1,6,1,108.716820,0,0,
1,5,1,108.791817,0,0,
1,3,1,108.866814,0,0,
1,6,1,108.941811,0,0,
1,3,1,109.016808,0,0,
1,1,1,109.091805,0,0,
1,6,1,109.166801,0,0,
1,4,1,109.241798,0,0,
1,5,1,109.316795,0,0,
1,5,1,109.391792,0,0,
1,4,1,109.466789,0,0,
1,1,1,109.541786,0,0,
1,2,1,109.616783,0,0,
1,4,1,109.691780,0,0,
1,6,1,109.766777,0,0,
1,6,1,109.841774,0,0,
1,4,1,109.916771,0,0,
1,4,1,109.991768,0,0,
1,6,1,110.066765,0,0,
1,4,1,110.141762,0,0,
1,1,1,110.216759,0,0,
1,3,1,110.291756,0,0,
1,6,1,110.366753,0,0,
1,1,1,110.441750,0,0,
1,6,1,110.516747,0,0,
1,5,1,110.591743,0,0,
1,1,1,110.666740,0,0,
1,5,1,110.741737,0,0,
1,1,1,110.816734,0,0,
1,2,1,110.891731,0,0,
1,0,1,110.966728,0,0,
1,2,1,111.041725,0,0,
1,0,1,111.116722,0,0,
1,2,1,111.191719,0,0,
1,1,1,111.266716,0,0,
1,3,1,111.341713,0,0,
1,2,1,111.416710,0,0,
1,3,1,111.491707,0,0,
1,3,1,111.566704,0,0,
1,0,1,111.641701,0,0,
1,5,1,111.716698,0,0,
1,3,1,111.791695,0,0,
1,6,1,111.866692,0,0,
1,1,1,111.941689,0,0,
1,4,1,112.016685,0,0,
1,4,1,112.091682,0,0,
1,6,1,112.166679,0,0,
1,6,1,112.241676,0,0,
1,0,1,112.316673,0,0,
1,4,1,112.391670,0,0,
1,4,1,112.466667,0,0,
1,3,1,112.541664,0,0,
1,6,1,112.616661,0,0,
1,4,1,112.691658,0,0,
1,1,1,112.766655,0,0,
1,0,1,112.841652,0,0,
1,5,1,112.916649,0,0,
1,4,1,112.991646,0,0,
1,1,1,113.066643,0,0,
1,2,1,113.141640,0,0,
1,2,1,113.216637,0,0,
1,1,1,113.291634,0,0,
1,1,1,113.366631,0,0,
1,4,1,113.441628,0,0,
1,0,1,113.516624,0,0,
1,0,1,113.591621,0,0,
1,6,1,113.666618,0,0,
1,2,1,113.741615,0,0,
1,2,1,113.816612,0,0,
1,5,1,113.891609,0,0,
1,5,1,113.966606,0,0,
1,6,1,114.041603,0,0,
1,3,1,114.116600,0,0,
1,1,1,114.191597,0,0,
1,2,1,114.266594,0,0,
1,2,1,114.341591,0,0,
1,3,1,114.416588,0,0,
1,5,1,114.491585,0,0,
1,3,1,114.566582,0,0,
1,4,1,114.641579,0,0,
1,4,1,114.716576,0,0,
1,2,1,114.791573,0,0,
1,2,1,114.866570,0,0,
1,1,1,114.941566,0,0,
1,2,1,115.016563,0,0,
1,4,1,115.091560,0,0,
1,6,1,115.166557,0,0,
1,5,1,115.241554,0,0,
1,0,1,115.316551,0,0,
1,5,1,115.391548,0,0,
1,3,1,115.466545,0,0,
1,3,1,115.541542,0,0,
1,6,1,115.616539,0,0,
1,2,1,115.691536,0,0,
1,5,1,115.766533,0,0,
1,1,1,115.841530,0,0,
1,0,1,115.916527,0,0,
1,4,1,115.991524,0,0,
1,0,1,116.066521,0,0,
1,4,1,116.141518,0,0,
1,3,1,116.216515,0,0,
1,3,1,116.291512,0,0,
1,3,1,116.366508,0,0,
1,5,1,116.441505,0,0,
1,1,1,116.516502,0,0,
1,4,1,116.591499,0,0,
1,4,1,116.666496,0,0,
1,5,1,116.741493,0,0,
1,0,1,116.816490,0,0,
1,5,1,116.891487,0,0,
1,3,1,116.966484,0,0,
1,0,1,117.041481,0,0,
1,3,1,117.116478,0,0,
1,3,1,117.191475,0,0,
1,3,1,117.266472,0,0,
1,2,1,117.341469,0,0,
1,2,1,117.416466,0,0,
1,3,1,117.491463,0,0,
1,6,1,117.566460,0,0,
1,2,1,117.641457,0,0,
1,3,1,117.716454,0,0,
1,5,1,117.791451,0,0,
1,1,1,117.866447,0,0,
1,1,1,117.941444,0,0,
1,2,1,118.016441,0,0,
1,1,1,118.091438,0,0,
1,5,1,118.166435,0,0,
1,2,1,118.241432,0,0,
1,5,1,118.316429,0,0,
1,5,1,118.391426,0,0,
1,2,1,118.466423,0,0,
1,2,1,118.541420,0,0,
1,6,1,118.616417,0,0,
1,3,1,118.691414,0,0,
1,4,1,118.766411,0,0,
1,2,1,118.841408,0,0,
1,3,1,118.916405,0,0,
1,1,1,118.991402,0,0,
1,1,1,119.066399,0,0,
1,2,1,119.141396,0,0,
1,3,1,119.216393,0,0,
1,0,1,119.291389,0,0,
1,2,1,119.366386,0,0,
1,1,1,119.441383,0,0,
1,1,1,119.516380,0,0,
1,3,1,119.591377,0,0,
1,2,1,119.666374,0,0,
1,2,1,119.741371,0,0,
1,5,1,119.816368,0,0,
1,5,1,119.891365,0,0,
1,4,1,119.966362,0,0,
1,6,1,120.041359,0,0,
1,6,1,120.116356,0,0,
1,3,1,120.191353,0,0,
1,5,1,120.266350,0,0,
1,2,1,120.341347,0,0,
1,4,1,120.416344,0,0,
1,6,1,120.491341,0,0,
1,6,1,120.566338,0,0,
1,1,1,120.641335,0,0,
1,3,1,120.716331,0,0,
1,6,1,120.791328,0,0,
1,2,1,120.866325,0,0,
1,5,1,120.941322,0,0,
1,2,1,121.016319,0,0,
1,0,1,121.091316,0,0,
1,1,1,121.166313,0,0,
1,4,1,121.241310,0,0,
1,0,1,121.316307,0,0,
1,2,1,121.391304,0,0,
1,3,1,121.466301,0,0,
1,0,1,121.541298,0,0,
1,3,1,121.616295,0,0,
1,3,1,121.766289,0,0,
1,3,1,121.916283,0,0,
1,2,1,121.991280,0,0,
1,5,1,122.066277,0,0,
1,4,1,122.216270,0,0,
1,1,1,122.366264,0,0,
1,2,1,122.441261,0,0,
1,6,1,122.516258,0,0,
1,5,1,122.666252,0,0,
1,3,1,122.816246,0,0,
1,2,1,122.966240,0,0,
1,5,1,123.041237,0,0,
1,1,1,123.116234,0,0,
1,1,1,123.191231,0,0,
1,2,1,123.341225,0,0,
1,6,1,123.416222,0,0,
1,0,1,123.566216,0,0,
1,6,1,123.641212,0,0,
1,5,1,123.716209,0,0,
1,3,1,123.866203,0,0,
1,4,1,124.016197,0,0,
1,3,1,124.166191,0,0,
1,0,1,124.316185,0,0,
1,5,1,124.391182,0,0,
1,5,1,124.466179,0,0,
1,0,1,124.616173,0,0,
1,4,1,124.766167,0,0,
1,5,1,124.841164,0,0,
1,5,1,124.916161,0,0,
1,2,1,125.066154,0,0,
1,1,1,125.216148,0,0,
1,6,1,125.366142,0,0,
1,2,1,125.441139,0,0,
1,2,1,125.516136,0,0,
1,6,1,125.591133,0,0,
1,5,1,125.741127,0,0,
1,5,1,125.816124,0,0,
1,2,1,125.966118,0,0,
1,5,1,126.041115,0,0,
1,2,1,126.116112,0,0,
1,5,1,126.266106,0,0,
1,6,1,126.416100,0,0,
1,4,1,126.566093,0,0,
1,0,1,126.716087,0,0,
1,3,1,126.866081,0,0,
1,1,1,126.941078,0,0,
1,2,1,127.016075,0,0,
1,5,1,127.091072,0,0,
1,1,1,127.241066,0,0,
1,0,1,127.316063,0,0,
1,2,1,127.466057,0,0,
1,5,1,127.616051,0,0,
1,3,1,127.766045,0,0,
1,4,1,127.916039,0,0,
1,1,1,128.066040,0,0,
1,1,1,128.141037,0,0,
1,5,1,128.216034,0,0,
1,2,1,128.291031,0,0,
1,6,1,128.441025,0,0,
1,2,1,128.516022,0,0,
1,0,1,128.666016,0,0,
1,0,1,128.816010,0,0,
1,4,1,128.966003,0,0,
1,5,1,129.115997,0,0,
1,0,1,129.265991,0,0,
1,6,1,129.415985,0,0,
1,3,1,129.565979,0,0,
1,3,1,129.715973,0,0,
1,3,1,129.865967,0,0,
1,2,1,130.015961,0,0,
1,4,1,131.215973,0,0,
1,5,1,131.315979,0,0,
1,1,1,131.415985,0,0,
1,4,1,131.515991,0,0,
1,1,1,131.816010,0,0,
1,3,1,131.916016,0,0,
1,2,1,132.016022,0,0,
1,6,1,132.116028,0,0,
1,1,1,132.416046,0,0,
1,5,1,132.516052,0,0,
1,5,1,132.616058,0,0,
1,0,1,132.716064,0,0,
1,1,1,133.016083,0,0,
1,0,1,133.116089,0,0,
1,4,1,133.216095,0,0,
1,0,1,133.316101,0,0,
1,1,1,133.616119,0,0,
1,3,1,133.716125,0,0,
1,1,1,133.816132,0,0,
1,1,1,133.916138,0,0,
1,5,1,134.216156,0,0,
1,5,1,134.316162,0,0,
1,0,1,134.416168,0,0,
1,4,1,134.516174,0,0,
1,3,1,134.816193,0,0,
1,4,1,134.916199,0,0,
1,0,1,135.016205,0,0,
1,2,1,135.116211,0,0,
1,5,1,135.416229,0,0,
1,1,1,135.516235,0,0,
1,3,1,135.616241,0,0,
1,3,1,135.716248,0,0,
1,1,1,136.016266,0,0,
1,1,1,136.116272,0,0,
1,6,1,136.216278,0,0,
1,0,1,136.316284,0,0,
1,5,1,136.416290,0,0,
1,1,1,136.516296,0,0,
1,3,1,136.616302,0,0,
1,6,1,136.716309,0,0,
1,1,1,136.816315,0,0,
1,2,1,136.916321,0,0,
1,4,1,137.016327,0,0,
1,6,1,137.116333,0,0,
1,1,1,137.216339,0,0,
1,5,1,137.316345,0,0,
1,1,1,137.416351,0,0,
1,6,1,137.516357,0,0,
1,5,1,137.616364,0,0,
1,6,1,137.716370,0,0,
1,3,1,137.816376,0,0,
1,4,1,137.916382,0,0,
1,4,1,138.016388,0,0,
1,3,1,138.116394,0,0,
1,5,1,138.216400,0,0,
1,4,1,138.316406,0,0,
1,6,1,138.416412,0,0,
1,6,1,138.491409,0,0,
1,2,1,138.566406,0,0,
1,2,1,138.641403,0,0,
1,3,1,138.716400,0,0,
1,6,1,138.791397,0,0,
1,5,1,138.866394,0,0,
1,1,1,138.941391,0,0,
1,4,1,139.016388,0,0,
1,2,1,139.091385,0,0,
1,1,1,139.166382,0,0,
1,6,1,139.241379,0,0,
1,1,1,139.316376,0,0,
1,5,1,139.391373,0,0,
1,4,1,139.466370,0,0,
1,4,1,139.541367,0,0,
1,4,1,139.616364,0,0,
1,1,1,139.691360,0,0,
1,2,1,139.766357,0,0,
1,4,1,139.841354,0,0,
1,4,1,139.916351,0,0,
1,4,1,139.991348,0,0,
1,3,1,140.066345,0,0,
1,3,1,140.141342,0,0,
1,0,1,140.216339,0,0,
1,4,1,140.291336,0,0,
1,1,1,140.366333,0,0,
1,6,1,140.441330,0,0,
1,3,1,140.516327,0,0,
1,1,1,140.591324,0,0,
1,0,1,140.666321,0,0,
1,5,1,140.741318,0,0,
1,4,1,140.816315,0,0,
1,5,1,140.891312,0,0,
1,0,1,140.966309,0,0,
1,1,1,141.041306,0,0,
1,6,1,141.116302,0,0,
1,6,1,141.191299,0,0,
1,0,1,141.266296,0,0,
1,6,1,141.341293,0,0,
1,1,1,141.416290,0,0,
1,5,1,141.491287,0,0,
1,6,1,141.566284,0,0,
1,5,1,141.641281,0,0,
1,5,1,141.716278,0,0,
1,0,1,141.791275,0,0,
1,1,1,141.866272,0,0,
1,4,1,141.941269,0,0,
1,1,1,142.016266,0,0,
1,5,1,142.091263,0,0,
1,5,1,142.166260,0,0,
1,1,1,142.241257,0,0,
1,5,1,142.316254,0,0,
1,2,1,142.391251,0,0,
1,2,1,142.466248,0,0,
1,6,1,142.541245,0,0,
1,6,1,142.616241,0,0,
1,1,1,142.691238,0,0,
1,2,1,142.766235,0,0,
1,5,1,142.841232,0,0,
1,0,1,142.916229,0,0,
1,5,1,142.991226,0,0,
1,3,1,143.066223,0,0,
1,6,1,143.141220,0,0,
-1,0,0,0,0,0,