0,-0.27,0,0,0,0,
1,4,1,0.291089,0,0,
1,3,1,0.365347,0,0,
1,1,1,0.439604,0,0,
1,1,1,0.513861,0,0,
1,6,1,0.588119,1,0,
1,3,1,0.588119,0,0,
1,4,1,1.033663,1,0,
1,0,1,1.033663,0,0,
1,5,1,1.479208,1,0,
1,1,1,1.479208,0,0,
1,2,1,2.667326,0,0,
1,4,1,2.741584,0,0,
1,1,1,2.815841,0,0,
1,6,1,2.890098,0,0,
1,6,1,2.964356,1,0,
1,1,1,2.964356,0,0,
1,5,1,3.409900,1,0,
1,1,1,3.409900,0,0,
1,1,1,3.855444,1,0,
1,3,1,3.855444,0,0,
1,6,1,5.043562,0,0,
1,5,1,5.117820,0,0,
1,5,1,5.192077,0,0,
1,1,1,5.266335,0,0,
1,4,1,5.340592,1,0,
1,3,1,5.340592,0,0,
1,5,1,5.786137,1,0,
1,4,1,5.786137,0,0,
1,2,1,6.231681,1,0,
1,0,1,6.231681,0,0,
1,4,1,7.419798,0,0,
1,0,1,7.494056,0,0,
1,5,1,7.568313,0,0,
1,4,1,7.642570,0,0,
1,6,1,7.716829,1,0,
1,4,1,7.716829,0,0,
1,2,1,8.162373,1,0,
1,6,1,8.162373,0,0,
1,5,1,8.607918,1,0,
1,2,1,8.607918,0,0,
1,3,1,8.904948,0,0,
1,2,1,9.053463,1,0,
1,0,1,9.053463,0,0,
1,4,1,9.127720,0,0,
1,5,1,9.201978,0,0,
1,4,1,9.276236,0,0,
1,1,1,9.350493,0,0,
1,3,1,9.424751,0,0,
1,0,1,9.499009,0,0,
1,2,1,9.573267,0,0,
1,1,1,9.647525,0,0,
1,3,1,9.758909,1,0,
1,5,1,9.758909,0,0,
1,6,1,10.093069,1,0,
1,4,1,10.093069,0,0,
1,2,1,10.241581,0,0,
1,5,1,10.390100,1,0,
1,4,1,10.390100,0,0,
1,4,1,10.538614,1,0,
1,0,1,10.538614,0,0,
1,5,1,10.612877,0,0,
1,3,1,10.687135,0,0,
1,4,1,10.835646,1,0,
1,5,1,10.835646,0,0,
1,2,1,10.984155,0,0,
1,5,1,11.132675,1,0,
1,0,1,11.132675,0,0,
1,6,1,11.281191,1,0,
1,2,1,11.281191,0,0,
1,2,1,11.429707,1,0,
1,0,1,11.429707,0,0,
1,6,1,11.578221,1,0,
1,3,1,11.578221,0,0,
1,0,1,11.726736,1,0,
1,4,1,11.726736,0,0,
1,1,1,11.801003,0,0,
1,5,1,11.875260,0,0,
1,3,1,12.023767,1,0,
1,5,1,12.023767,0,0,
1,5,1,12.172282,1,0,
1,2,1,12.172282,0,0,
1,4,1,12.320797,1,0,
1,2,1,12.320797,0,0,
1,1,1,12.469302,0,0,
1,3,1,12.617839,0,0,
1,3,1,12.766343,1,0,
1,6,1,12.766343,0,0,
1,2,1,12.914858,1,0,
1,1,1,12.914858,0,0,
1,6,1,13.063386,0,0,
1,4,1,13.137644,0,0,
1,3,1,13.211902,0,0,
1,2,1,13.360404,1,0,
1,6,1,13.360404,0,0,
1,3,1,13.508919,1,0,
1,6,1,13.508919,0,0,
1,3,1,13.657434,1,0,
1,6,1,13.657434,0,0,
1,5,1,13.805950,1,0,
1,1,1,13.805950,0,0,
1,1,1,14.102980,1,0,
1,0,1,14.102980,0,0,
1,5,1,14.251512,0,0,
1,6,1,14.325769,0,0,
1,5,1,14.400027,0,0,
1,3,1,14.511396,1,0,
1,1,1,14.511396,0,0,
1,0,1,14.548543,0,0,
1,0,1,14.622801,0,0,
1,6,1,14.697059,0,0,
1,2,1,14.808428,1,0,
1,3,1,14.808428,0,0,
1,2,1,14.845574,0,0,
1,0,1,14.994053,0,0,
1,2,1,15.142587,1,0,
1,3,1,15.142587,0,0,
1,4,1,15.291101,1,0,
1,1,1,15.291101,0,0,
1,2,1,15.365379,0,0,
1,5,1,15.439637,0,0,
1,2,1,15.588133,1,0,
1,0,1,15.588133,0,0,
1,1,1,15.736627,0,0,
1,2,1,15.885162,1,0,
1,0,1,15.885162,0,0,
1,2,1,16.033678,1,0,
1,5,1,16.033678,0,0,
1,1,1,16.182194,1,0,
1,4,1,16.182194,0,0,
1,2,1,16.330708,1,0,
1,6,1,16.330708,0,0,
1,5,1,16.479221,1,0,
1,2,1,16.479221,0,0,
1,4,1,16.553497,0,0,
1,4,1,16.627754,0,0,
1,1,1,16.776253,1,0,
1,5,1,16.776253,0,0,
1,3,1,16.924767,1,0,
1,5,1,16.924767,0,0,
1,3,1,17.073280,1,0,
1,5,1,17.073280,0,0,
1,3,1,17.221796,1,0,
1,5,1,17.221796,0,0,
1,4,1,17.296066,0,0,
1,5,1,17.370323,0,0,
1,6,1,17.444580,0,0,
1,3,1,17.518837,0,0,
1,4,1,17.593094,0,0,
1,1,1,17.667351,0,0,
1,0,1,17.741608,0,0,
1,0,1,17.815865,0,0,
1,0,1,17.890121,0,0,
1,4,1,17.964378,0,0,
1,0,1,18.075756,1,0,
1,4,1,18.075756,0,0,
1,0,1,18.112892,0,0,
1,0,1,18.261398,1,0,
1,3,1,18.261398,0,0,
1,3,1,18.706934,1,0,
1,4,1,18.706934,0,0,
1,4,1,18.781189,1,0,
1,0,1,18.781189,0,0,
1,6,1,18.855444,1,0,
1,0,1,18.855444,0,0,
1,6,1,18.929699,1,0,
1,1,1,18.929699,0,0,
1,0,1,19.003954,1,0,
1,6,1,19.003954,0,0,
1,3,1,19.102961,1,0,
1,4,1,19.102961,0,0,
1,4,1,19.201967,1,0,
1,6,1,19.201967,0,0,
1,6,1,19.300974,1,0,
1,0,1,19.300974,0,0,
1,6,1,19.399981,1,0,
1,5,1,19.399981,0,0,
1,5,1,19.498987,1,0,
1,2,1,19.498987,0,0,
1,0,1,19.597994,1,0,
1,2,1,19.597994,0,0,
1,3,1,19.746510,1,0,
1,2,1,19.746510,0,0,
1,0,1,19.895023,1,0,
1,2,1,19.895023,0,0,
1,1,1,20.006409,1,0,
1,4,1,20.006409,0,0,
1,0,1,20.154924,1,0,
1,1,1,20.154924,0,0,
1,3,1,20.192055,0,0,
1,6,1,20.340569,1,0,
1,4,1,20.340569,0,0,
1,4,1,20.451954,1,0,
1,0,1,20.451954,0,0,
1,5,1,20.489082,0,0,
1,1,1,20.563339,0,0,
1,3,1,20.637596,1,0,
1,2,1,20.637596,0,0,
1,5,1,20.786112,1,0,
1,2,1,20.786112,0,0,
1,3,1,20.934628,1,0,
1,0,1,20.934628,0,0,
1,3,1,21.083141,1,0,
1,2,1,21.083141,0,0,
1,0,1,21.157394,0,0,
1,2,1,21.268784,1,0,
1,1,1,21.268784,0,0,
1,5,1,21.380171,1,0,
1,0,1,21.380171,0,0,
1,2,1,21.528687,1,0,
1,4,1,21.528687,0,0,
1,0,1,21.602936,0,0,
1,4,1,21.677200,1,0,
1,0,1,21.677200,0,0,
1,5,1,21.751450,0,0,
1,3,1,21.825714,1,0,
1,4,1,21.825714,0,0,
1,3,1,21.974230,1,0,
1,4,1,21.974230,0,0,
1,3,1,22.122746,1,0,
1,4,1,22.122746,0,0,
1,4,1,22.271259,1,0,
1,6,1,22.271259,0,0,
1,2,1,22.345505,0,0,
1,5,1,22.456902,1,0,
1,6,1,22.456902,0,0,
1,1,1,22.568289,1,0,
1,0,1,22.568289,0,0,
1,6,1,22.716805,1,0,
1,2,1,22.716805,0,0,
1,3,1,22.791046,0,0,
1,2,1,22.865318,1,0,
1,6,1,22.865318,0,0,
1,0,1,22.939560,0,0,
1,0,1,23.013832,1,0,
1,5,1,23.013832,0,0,
1,1,1,23.162348,1,0,
1,0,1,23.162348,0,0,
1,1,1,23.310863,1,0,
1,6,1,23.310863,0,0,
1,3,1,23.459377,1,0,
1,4,1,23.459377,0,0,
1,2,1,23.533615,0,0,
1,5,1,23.607912,0,0,
1,5,1,23.756407,1,0,
1,3,1,23.756407,0,0,
1,2,1,23.904922,1,0,
1,6,1,23.904922,0,0,
1,4,1,23.979156,0,0,
1,6,1,24.053436,1,0,
1,2,1,24.053436,0,0,
1,3,1,24.127670,0,0,
1,5,1,24.201950,1,0,
1,6,1,24.201950,0,0,
1,3,1,24.350466,1,0,
1,5,1,24.350466,0,0,
1,2,1,24.499006,0,0,
1,2,1,24.647495,1,0,
1,6,1,24.647495,0,0,
1,2,1,24.796009,1,0,
1,4,1,24.796009,0,0,
1,2,1,24.944553,0,0,
1,3,1,25.093040,1,0,
1,2,1,25.093040,0,0,
1,6,1,25.241585,0,0,
1,5,1,25.390068,1,0,
1,0,1,25.390068,0,0,
1,6,1,25.464294,0,0,
1,3,1,25.538584,1,0,
1,2,1,25.538584,0,0,
1,0,1,25.687099,1,0,
1,5,1,25.687099,0,0,
1,0,1,25.835615,1,0,
1,3,1,25.835615,0,0,
1,1,1,25.984131,1,0,
1,6,1,25.984131,0,0,
1,1,1,26.132647,1,0,
1,4,1,26.132647,0,0,
1,6,1,26.281162,1,0,
1,1,1,26.281162,0,0,
1,1,1,26.429678,1,0,
1,6,1,26.429678,0,0,
1,3,1,26.578194,1,0,
1,0,1,26.578194,0,0,
1,5,1,26.726709,1,0,
1,6,1,26.726709,0,0,
1,1,1,26.875257,0,0,
1,5,1,27.023739,1,0,
1,0,1,27.023739,0,0,
1,1,1,27.172253,1,0,
1,3,1,27.172253,0,0,
1,6,1,27.320805,0,0,
1,4,1,27.469284,1,0,
1,6,1,27.469284,0,0,
1,3,1,27.617836,0,0,
1,3,1,27.766312,1,0,
1,6,1,27.766312,0,0,
1,5,1,27.914827,1,0,
1,3,1,27.914827,0,0,
1,6,1,28.063343,1,0,
1,2,1,28.063343,0,0,
1,2,1,28.211859,1,0,
1,1,1,28.211859,0,0,
1,0,1,28.360374,1,0,
1,4,1,28.360374,0,0,
1,6,1,28.508890,1,0,
1,2,1,28.508890,0,0,
1,5,1,28.657406,1,0,
1,4,1,28.657406,0,0,
1,0,1,28.805922,1,0,
1,1,1,28.805922,0,0,
1,2,1,28.954437,1,0,
1,5,1,28.954437,0,0,
1,2,1,29.102953,1,0,
1,1,1,29.102953,0,0,
1,3,1,29.251469,1,0,
1,4,1,29.251469,0,0,
1,4,1,29.399982,1,0,
1,0,1,29.399982,0,0,
1,6,1,29.474197,0,0,
1,2,1,29.585625,1,0,
1,3,1,29.585625,0,0,
1,1,1,29.697012,1,0,
1,0,1,29.697012,0,0,
1,3,1,29.845528,1,0,
1,1,1,29.845528,0,0,
1,2,1,29.919739,0,0,
1,5,1,29.994041,1,0,
1,4,1,29.994041,0,0,
1,3,1,30.068253,0,0,
1,3,1,30.142555,1,0,
1,5,1,30.142555,0,0,
1,3,1,30.291071,1,0,
1,4,1,30.291071,0,0,
1,3,1,30.439587,1,0,
1,0,1,30.439587,0,0,
1,5,1,30.588100,1,0,
1,1,1,30.588100,0,0,
1,4,1,30.662308,0,0,
1,3,1,30.773743,1,0,
1,4,1,30.773743,0,0,
1,1,1,30.885130,1,0,
1,6,1,30.885130,0,0,
1,1,1,31.033646,1,0,
1,0,1,31.033646,0,0,
1,2,1,31.107849,0,0,
1,3,1,31.182159,1,0,
1,0,1,31.182159,0,0,
1,1,1,31.256363,0,0,
1,2,1,31.330673,1,0,
1,0,1,31.330673,0,0,
1,1,1,31.479189,1,0,
1,6,1,31.479189,0,0,
1,3,1,31.627705,1,0,
1,6,1,31.627705,0,0,
1,4,1,31.776218,1,0,
1,5,1,31.776218,0,0,
1,3,1,31.850418,0,0,
1,0,1,31.961861,1,0,
1,3,1,31.961861,0,0,
1,4,1,32.073250,1,0,
1,5,1,32.073250,0,0,
1,5,1,32.221764,1,0,
1,0,1,32.221764,0,0,
1,5,1,32.295959,0,0,
1,6,1,32.370277,1,0,
1,0,1,32.370277,0,0,
1,2,1,32.444473,0,0,
1,5,1,32.518791,1,0,
1,1,1,32.518791,0,0,
1,5,1,32.667305,1,0,
1,2,1,32.667305,0,0,
1,0,1,32.815819,1,0,
1,5,1,32.815819,0,0,
1,5,1,32.964333,1,0,
1,0,1,32.964333,0,0,
1,6,1,33.038528,0,0,
1,2,1,33.112904,0,0,
1,2,1,33.261360,1,0,
1,3,1,33.261360,0,0,
1,2,1,33.409874,1,0,
1,3,1,33.409874,0,0,
1,4,1,33.484070,0,0,
1,2,1,33.558388,1,0,
1,1,1,33.558388,0,0,
1,6,1,33.632584,0,0,
1,2,1,33.706902,1,0,
1,1,1,33.706902,0,0,
1,4,1,33.855415,1,0,
1,2,1,33.855415,0,0,
1,2,1,34.003986,0,0,
1,5,1,34.152443,1,0,
1,1,1,34.152443,0,0,
1,1,1,34.300957,1,0,
1,2,1,34.300957,0,0,
1,1,1,34.449528,0,0,
1,5,1,34.597984,1,0,
1,0,1,34.597984,0,0,
1,3,1,34.746555,0,0,
1,3,1,34.895012,1,0,
1,0,1,34.895012,0,0,
1,6,1,34.969208,0,0,
1,5,1,35.043526,1,0,
1,1,1,35.043526,0,0,
1,2,1,35.192039,1,0,
1,5,1,35.192039,0,0,
1,1,1,35.340553,1,0,
1,5,1,35.340553,0,0,
1,6,1,35.489067,1,0,
1,5,1,35.489067,0,0,
1,0,1,35.637581,1,0,
1,6,1,35.637581,0,0,
1,3,1,35.786095,1,0,
1,5,1,35.786095,0,0,
1,0,1,35.934608,1,0,
1,1,1,35.934608,0,0,
1,2,1,36.083122,1,0,
1,3,1,36.083122,0,0,
1,2,1,36.231636,1,0,
1,3,1,36.231636,0,0,
1,0,1,36.528664,1,0,
1,3,1,36.528664,0,0,
1,0,1,36.677177,1,0,
1,6,1,36.677177,0,0,
1,3,1,36.974205,1,0,
1,5,1,36.974205,0,0,
1,0,1,37.271233,1,0,
1,2,1,37.271233,0,0,
1,5,1,37.419746,1,0,
1,2,1,37.419746,0,0,
1,0,1,37.493942,0,0,
1,0,1,37.568260,1,0,
1,2,1,37.568260,0,0,
1,6,1,37.642456,0,0,
1,5,1,37.716774,1,0,
1,1,1,37.716774,0,0,
1,6,1,37.790970,0,0,
1,6,1,37.865288,1,0,
1,5,1,37.865288,0,0,
1,4,1,37.939484,0,0,
1,4,1,38.013802,1,0,
1,6,1,38.013802,0,0,
1,6,1,38.087997,0,0,
1,2,1,38.162315,1,0,
1,4,1,38.162315,0,0,
1,4,1,38.236511,0,0,
1,2,1,38.310829,1,0,
1,5,1,38.310829,0,0,
1,1,1,38.385025,0,0,
1,6,1,38.459343,1,0,
1,3,1,38.459343,0,0,
1,0,1,38.533539,0,0,
1,2,1,38.607857,1,0,
1,4,1,38.607857,0,0,
1,0,1,38.756310,0,0,
1,5,1,38.904823,0,0,
1,0,1,39.053398,1,0,
1,6,1,39.053398,0,0,
1,1,1,39.201851,0,0,
1,6,1,39.350365,0,0,
1,0,1,39.498940,1,0,
1,3,1,39.498940,0,0,
1,2,1,39.647392,0,0,
1,6,1,39.795906,0,0,
1,0,1,39.944481,1,0,
1,1,1,39.944481,0,0,
1,3,1,40.092934,0,0,
1,3,1,40.241447,0,0,
1,5,1,40.835564,1,0,
1,6,1,40.835564,0,0,
1,3,1,40.984016,0,0,
1,4,1,41.132530,0,0,
1,2,1,41.281105,1,0,
1,6,1,41.281105,0,0,
1,3,1,41.429558,0,0,
1,2,1,41.578072,0,0,
1,0,1,41.726646,1,0,
1,5,1,41.726646,0,0,
1,6,1,41.875099,0,0,
1,1,1,42.023613,0,0,
1,6,1,42.172245,0,0,
1,5,1,42.320641,0,0,
1,4,1,42.469154,0,0,
1,5,1,42.617668,0,0,
1,3,1,42.766182,0,0,
1,6,1,43.360298,1,0,
1,1,1,43.360298,0,0,
1,2,1,43.508751,0,0,
1,1,1,43.657265,0,0,
1,2,1,43.805840,1,0,
1,3,1,43.805840,0,0,
1,0,1,43.954292,0,0,
1,6,1,44.102806,0,0,
1,2,1,44.251381,1,0,
1,0,1,44.251381,0,0,
1,5,1,44.399834,0,0,
1,4,1,44.548347,0,0,
1,5,1,44.696922,1,0,
1,0,1,44.696922,0,0,
1,5,1,44.845375,0,0,
1,3,1,44.993889,0,0,
1,2,1,45.142403,0,0,
1,0,1,45.736519,1,0,
1,5,1,45.736519,0,0,
1,1,1,45.884972,0,0,
1,1,1,46.033485,0,0,
1,4,1,46.182060,1,0,
1,5,1,46.182060,0,0,
1,2,1,46.330513,0,0,
1,1,1,46.479027,0,0,
1,1,1,46.627602,1,0,
1,3,1,46.627602,0,0,
1,1,1,46.776054,0,0,
1,5,1,46.924568,0,0,
1,6,1,47.073143,1,0,
1,3,1,47.073143,0,0,
1,1,1,47.221657,1,0,
1,6,1,47.221657,0,0,
1,4,1,47.370110,0,0,
1,3,1,48.112740,1,0,
1,2,1,48.112740,0,0,
1,3,1,48.298378,1,0,
1,4,1,48.298378,0,0,
1,0,1,48.409824,0,0,
1,4,1,48.558281,1,0,
1,2,1,48.558281,0,0,
1,1,1,48.706795,1,0,
1,4,1,48.706795,0,0,
1,0,1,48.892433,1,0,
1,1,1,48.892433,0,0,
1,4,1,49.003880,0,0,
1,6,1,49.152336,1,0,
1,5,1,49.152336,0,0,
1,1,1,49.300850,1,0,
1,2,1,49.300850,0,0,
1,4,1,49.486496,1,0,
1,0,1,49.486496,0,0,
1,5,1,49.597935,0,0,
1,0,1,49.746399,1,0,
1,4,1,49.746399,0,0,
1,5,1,49.894920,1,0,
1,0,1,49.894920,0,0,
1,5,1,49.944382,0,0,
1,6,1,50.018684,1,0,
1,5,1,50.018684,0,0,
1,4,1,50.043396,0,0,
1,2,1,50.092903,0,0,
1,4,1,50.167198,1,0,
1,3,1,50.167198,0,0,
1,4,1,50.191917,0,0,
1,0,1,50.241425,0,0,
1,0,1,50.315720,1,0,
1,6,1,50.315720,0,0,
1,3,1,50.340439,0,0,
1,6,1,50.389946,0,0,
1,2,1,50.464233,1,0,
1,0,1,50.464233,0,0,
1,6,1,50.488960,0,0,
1,6,1,50.674629,1,0,
1,0,1,50.674629,0,0,
1,0,1,50.786045,0,0,
1,4,1,50.934532,1,0,
1,3,1,50.934532,0,0,
1,6,1,51.083046,1,0,
1,5,1,51.083046,0,0,
1,6,1,51.268684,1,0,
1,5,1,51.268684,0,0,
1,6,1,51.380100,0,0,
1,3,1,51.528587,1,0,
1,2,1,51.528587,0,0,
1,1,1,51.677101,1,0,
1,3,1,51.677101,0,0,
1,4,1,51.862740,1,0,
1,6,1,51.862740,0,0,
1,3,1,51.974155,0,0,
1,0,1,52.122643,1,0,
1,6,1,52.122643,0,0,
1,2,1,52.271156,1,0,
1,3,1,52.271156,0,0,
1,5,1,52.456795,1,0,
1,6,1,52.456795,0,0,
1,2,1,52.568211,0,0,
1,2,1,52.716698,1,0,
1,3,1,52.716698,0,0,
1,1,1,52.865211,1,0,
1,0,1,52.865211,0,0,
1,1,1,53.050850,1,0,
1,3,1,53.050850,0,0,
1,6,1,53.162266,0,0,
1,1,1,53.310753,1,0,
1,6,1,53.310753,0,0,
1,0,1,53.459267,1,0,
1,2,1,53.459267,0,0,
1,4,1,53.644905,1,0,
1,3,1,53.644905,0,0,
1,6,1,53.756321,0,0,
1,2,1,53.904808,1,0,
1,1,1,53.904808,0,0,
1,0,1,54.053322,1,0,
1,5,1,54.053322,0,0,
1,2,1,54.238968,1,0,
1,6,1,54.238968,0,0,
1,3,1,54.350376,0,0,
1,1,1,54.498871,1,0,
1,4,1,54.498871,0,0,
1,0,1,54.647392,1,0,
1,4,1,54.647392,0,0,
1,3,1,54.696884,0,0,
1,3,1,54.771156,1,0,
1,0,1,54.771156,0,0,
1,1,1,54.795898,0,0,
1,6,1,54.845406,0,0,
1,6,1,54.919670,1,0,
1,5,1,54.919670,0,0,
1,5,1,54.944420,0,0,
1,4,1,54.993927,0,0,
1,6,1,55.068192,1,0,
1,5,1,55.068192,0,0,
1,3,1,55.092941,0,0,
1,4,1,55.142448,0,0,
1,2,1,55.216705,1,0,
1,4,1,55.216705,0,0,
1,6,1,55.241463,0,0,
1,3,1,55.352844,1,0,
1,1,1,55.352844,0,0,
1,3,1,55.389977,0,0,
1,5,1,55.501358,1,0,
1,3,1,55.501358,0,0,
1,4,1,55.538490,0,0,
1,5,1,55.649872,1,0,
1,3,1,55.649872,0,0,
1,5,1,55.687004,0,0,
1,5,1,55.798386,1,0,
1,3,1,55.798386,0,0,
1,5,1,55.835518,0,0,
1,4,1,55.946899,1,0,
1,0,1,55.946899,0,0,
1,5,1,55.984032,0,0,
1,2,1,56.095413,1,0,
1,3,1,56.095413,0,0,
1,3,1,56.132545,0,0,
1,4,1,56.281059,1,0,
1,6,1,56.281059,0,0,
1,4,1,56.429573,1,0,
1,6,1,56.429573,0,0,
1,2,1,56.578094,1,0,
1,3,1,56.578094,0,0,
1,2,1,56.726616,1,0,
1,6,1,56.726616,0,0,
1,3,1,56.875137,1,0,
1,1,1,56.875137,0,0,
1,6,1,57.023659,1,0,
1,3,1,57.023659,0,0,
1,3,1,57.097916,1,0,
1,2,1,57.097916,0,0,
1,1,1,57.172180,1,0,
1,6,1,57.172180,0,0,
1,0,1,57.246437,1,0,
1,2,1,57.246437,0,0,
1,2,1,57.320747,0,0,
1,6,1,57.339314,0,0,
1,0,1,57.357880,0,0,
1,1,1,57.376446,0,0,
1,2,1,57.395012,0,0,
1,2,1,57.413578,0,0,
1,4,1,57.432144,0,0,
1,0,1,57.450710,0,0,
1,2,1,57.469276,0,0,
1,4,1,57.487843,0,0,
1,1,1,57.506409,0,0,
1,1,1,57.524975,0,0,
1,5,1,57.580612,1,0,
1,2,1,57.580612,0,0,
1,2,1,57.562107,0,0,
1,2,1,57.580673,0,0,
1,0,1,57.599239,0,0,
1,6,1,57.617805,0,0,
1,3,1,57.914833,0,0,
1,5,1,58.063286,1,0,
1,0,1,58.063286,0,0,
1,0,1,58.211861,0,0,
1,2,1,58.360249,0,0,
1,4,1,58.434631,0,0,
1,6,1,58.657402,0,0,
1,3,1,58.805855,1,0,
1,2,1,58.805855,0,0,
1,4,1,59.028687,0,0,
1,5,1,59.251396,1,0,
1,0,1,59.251396,0,0,
1,6,1,59.399971,0,0,
1,3,1,59.548359,0,0,
1,4,1,59.845512,0,0,
1,5,1,59.956833,1,0,
1,0,1,59.956833,0,0,
1,0,1,59.994026,0,0,
1,0,1,60.291054,0,0,
1,6,1,60.439507,1,0,
1,2,1,60.439507,0,0,
1,5,1,60.588081,0,0,
1,6,1,60.736469,0,0,
1,4,1,60.810852,0,0,
1,2,1,61.033623,0,0,
1,3,1,61.182076,1,0,
1,2,1,61.182076,0,0,
1,4,1,61.441975,1,0,
1,1,1,61.441975,0,0,
1,0,1,61.627678,0,0,
1,0,1,61.776131,1,0,
1,5,1,61.776131,0,0,
1,6,1,62.073105,0,0,
1,1,1,62.221733,0,0,
1,6,1,62.333061,1,0,
1,1,1,62.333061,0,0,
1,5,1,62.370247,0,0,
1,5,1,62.667274,0,0,
1,1,1,62.815735,1,0,
1,3,1,62.815735,0,0,
1,4,1,62.964302,0,0,
1,0,1,63.112705,0,0,
1,2,1,63.187073,0,0,
1,0,1,63.409843,0,0,
1,4,1,63.558304,1,0,
1,6,1,63.558304,0,0,
1,6,1,63.781128,0,0,
1,0,1,64.003845,1,0,
1,1,1,64.003845,0,0,
1,1,1,64.152412,0,0,
1,6,1,64.300819,0,0,
1,3,1,64.597954,0,0,
1,2,1,64.709290,1,0,
1,1,1,64.709290,0,0,
1,5,1,64.746468,0,0,
1,6,1,65.043495,0,0,
1,4,1,65.191956,1,0,
1,1,1,65.191956,0,0,
1,3,1,65.340523,0,0,
1,4,1,65.488930,0,0,
1,1,1,65.563293,0,0,
1,4,1,65.786064,0,0,
1,6,1,65.934525,1,0,
1,4,1,65.934525,0,0,
1,3,1,66.194427,1,0,
1,2,1,66.194427,0,0,
1,6,1,66.380119,0,0,
1,4,1,66.528580,1,0,
1,2,1,66.528580,0,0,
1,6,1,66.825554,0,0,
1,2,1,66.974174,0,0,
1,5,1,67.085510,1,0,
1,6,1,67.085510,0,0,
1,2,1,67.122688,0,0,
1,1,1,67.419662,1,0,
1,4,1,67.419662,0,0,
1,5,1,67.568176,1,0,
1,4,1,67.568176,0,0,
1,1,1,67.716690,1,0,
1,0,1,67.716690,0,0,
1,0,1,67.939461,1,0,
1,3,1,67.939461,0,0,
1,1,1,68.162285,0,0,
1,0,1,68.310745,1,0,
1,5,1,68.310745,0,0,
1,5,1,68.570648,1,0,
1,6,1,68.570648,0,0,
1,3,1,68.756287,1,0,
1,6,1,68.756287,0,0,
1,5,1,68.904800,1,0,
1,1,1,68.904800,0,0,
1,1,1,69.127571,1,0,
1,0,1,69.127571,0,0,
1,0,1,69.350395,0,0,
1,2,1,69.498856,1,0,
1,3,1,69.498856,0,0,
1,1,1,69.795883,1,0,
1,2,1,69.795883,0,0,
1,5,1,69.944397,1,0,
1,0,1,69.944397,0,0,
1,2,1,70.092911,1,0,
1,4,1,70.092911,0,0,
1,1,1,70.315681,1,0,
1,3,1,70.315681,0,0,
1,0,1,70.538506,0,0,
1,3,1,70.686966,1,0,
1,1,1,70.686966,0,0,
1,0,1,70.946869,1,0,
1,2,1,70.946869,0,0,
1,4,1,71.132561,0,0,
1,5,1,71.281021,1,0,
1,6,1,71.281021,0,0,
1,3,1,71.577995,0,0,
1,5,1,71.726616,0,0,
1,0,1,71.837952,1,0,
1,5,1,71.837952,0,0,
1,5,1,71.875130,0,0,
1,4,1,72.172104,1,0,
1,6,1,72.172104,0,0,
1,1,1,72.320618,1,0,
1,4,1,72.320618,0,0,
1,1,1,72.469131,1,0,
1,0,1,72.469131,0,0,
1,5,1,72.691902,1,0,
1,1,1,72.691902,0,0,
1,4,1,72.914726,0,0,
1,1,1,73.063187,1,0,
1,2,1,73.063187,0,0,
1,3,1,73.323090,1,0,
1,5,1,73.323090,0,0,
1,3,1,73.508728,1,0,
1,5,1,73.508728,0,0,
1,0,1,73.657242,1,0,
1,6,1,73.657242,0,0,
1,5,1,73.880013,1,0,
1,2,1,73.880013,0,0,
1,5,1,74.102837,0,0,
1,4,1,74.251297,1,0,
1,6,1,74.251297,0,0,
1,4,1,74.548325,1,0,
1,6,1,74.548325,0,0,
1,4,1,74.696838,1,0,
1,6,1,74.696838,0,0,
1,1,1,74.845352,1,0,
1,4,1,74.845352,0,0,
1,3,1,75.068123,1,0,
1,0,1,75.068123,0,0,
1,1,1,75.290947,0,0,
1,5,1,75.439354,0,0,
1,0,1,75.736435,1,0,
1,3,1,75.736435,0,0,
1,1,1,76.033463,1,0,
1,6,1,76.033463,0,0,
1,4,1,76.330490,1,0,
1,2,1,76.330490,0,0,
1,4,1,76.627518,1,0,
1,3,1,76.627518,0,0,
1,4,1,76.775978,0,0,
1,5,1,76.924545,1,0,
1,6,1,76.924545,0,0,
1,3,1,77.073059,1,0,
1,5,1,77.073059,0,0,
1,1,1,77.221573,1,0,
1,6,1,77.221573,0,0,
1,6,1,77.370033,0,0,
1,5,1,77.481476,1,0,
1,6,1,77.481476,0,0,
1,2,1,77.667114,1,0,
1,6,1,77.667114,0,0,
1,1,1,77.815628,1,0,
1,0,1,77.815628,0,0,
1,6,1,77.964088,0,0,
1,6,1,78.075531,1,0,
1,2,1,78.075531,0,0,
1,0,1,78.261169,1,0,
1,2,1,78.261169,0,0,
1,2,1,78.409683,1,0,
1,5,1,78.409683,0,0,
1,0,1,78.558144,0,0,
1,6,1,78.669586,1,0,
1,2,1,78.669586,0,0,
1,1,1,78.855225,1,0,
1,6,1,78.855225,0,0,
1,3,1,79.003738,1,0,
1,0,1,79.003738,0,0,
1,2,1,79.152199,0,0,
1,0,1,79.300766,1,0,
1,2,1,79.300766,0,0,
1,0,1,79.449280,1,0,
1,2,1,79.449280,0,0,
1,1,1,79.597794,1,0,
1,5,1,79.597794,0,0,
1,4,1,79.746254,0,0,
1,6,1,79.857697,1,0,
1,2,1,79.857697,0,0,
1,0,1,80.043335,1,0,
1,2,1,80.043335,0,0,
1,0,1,80.191849,1,0,
1,5,1,80.191849,0,0,
1,4,1,80.340309,0,0,
1,6,1,80.451752,1,0,
1,2,1,80.451752,0,0,
1,3,1,80.637390,1,0,
1,6,1,80.637390,0,0,
1,2,1,80.785904,1,0,
1,4,1,80.785904,0,0,
1,2,1,80.934418,1,0,
1,0,1,80.934418,0,0,
1,5,1,81.045807,1,0,
1,4,1,81.045807,0,0,
1,4,1,81.082985,0,0,
1,5,1,81.231445,1,0,
1,0,1,81.231445,0,0,
1,4,1,81.342834,1,0,
1,6,1,81.342834,0,0,
1,6,1,81.380013,0,0,
1,0,1,81.528419,0,0,
1,3,1,81.676987,1,0,
1,1,1,81.676987,0,0,
1,4,1,81.825500,1,0,
1,1,1,81.825500,0,0,
1,4,1,81.974014,1,0,
1,1,1,81.974014,0,0,
1,3,1,82.122475,0,0,
1,0,1,82.233917,1,0,
1,2,1,82.233917,0,0,
1,6,1,82.419556,1,0,
1,4,1,82.419556,0,0,
1,4,1,82.568069,1,0,
1,6,1,82.568069,0,0,
1,2,1,82.716530,0,0,
1,3,1,82.827972,1,0,
1,0,1,82.827972,0,0,
1,6,1,83.013611,1,0,
1,5,1,83.013611,0,0,
1,4,1,83.162125,1,0,
1,5,1,83.162125,0,0,
1,5,1,83.310585,0,0,
1,0,1,83.422028,1,0,
1,2,1,83.422028,0,0,
1,1,1,83.607666,1,0,
1,6,1,83.607666,0,0,
1,0,1,83.756180,1,0,
1,2,1,83.756180,0,0,
1,2,1,83.904640,0,0,
1,3,1,84.016083,1,0,
1,0,1,84.016083,0,0,
1,5,1,84.201721,1,0,
1,2,1,84.201721,0,0,
1,3,1,84.350235,1,0,
1,1,1,84.350235,0,0,
1,4,1,84.498695,0,0,
1,1,1,84.610138,1,0,
1,4,1,84.610138,0,0,
1,3,1,84.795776,1,0,
1,2,1,84.795776,0,0,
1,3,1,84.944290,1,0,
1,5,1,84.944290,0,0,
1,6,1,85.167053,1,0,
1,2,1,85.167053,0,0,
1,1,1,85.389809,1,0,
1,5,1,85.389809,0,0,
1,1,1,85.538315,1,0,
1,5,1,85.538315,0,0,
1,4,1,85.835327,1,0,
1,1,1,85.835327,0,0,
1,1,1,85.853897,0,0,
1,6,1,85.872459,0,0,
1,2,1,85.891022,0,0,
1,2,1,85.909584,0,0,
1,6,1,85.928146,0,0,
1,4,1,85.946709,0,0,
1,3,1,85.965271,0,0,
1,2,1,85.983833,0,0,
1,1,1,86.002396,0,0,
1,4,1,86.020958,0,0,
1,6,1,86.039520,0,0,
1,5,1,86.058083,0,0,
1,6,1,86.104492,1,0,
1,2,1,86.104492,0,0,
1,2,1,86.095207,0,0,
1,5,1,86.113770,0,0,
1,1,1,86.132332,0,0,
1,6,1,86.280853,1,0,
1,1,1,86.280853,0,0,
1,6,1,86.429367,1,0,
1,3,1,86.429367,0,0,
1,4,1,86.577881,1,0,
1,1,1,86.577881,0,0,
1,1,1,86.652130,0,0,
1,2,1,86.726395,1,0,
1,3,1,86.726395,0,0,
1,3,1,86.874908,1,0,
1,1,1,86.874908,0,0,
1,4,1,86.949158,0,0,
1,0,1,87.060547,1,0,
1,5,1,87.060547,0,0,
1,2,1,87.171936,1,0,
1,0,1,87.171936,0,0,
1,2,1,87.320450,1,0,
1,4,1,87.320450,0,0,
1,5,1,87.468964,1,0,
1,6,1,87.468964,0,0,
1,6,1,87.543213,0,0,
1,0,1,87.654602,1,0,
1,3,1,87.654602,0,0,
1,4,1,87.765991,1,0,
1,5,1,87.765991,0,0,
1,6,1,87.914505,1,0,
1,4,1,87.914505,0,0,
1,0,1,88.063019,1,0,
1,1,1,88.063019,0,0,
1,6,1,88.137268,0,0,
1,1,1,88.248657,1,0,
1,6,1,88.248657,0,0,
1,5,1,88.360046,1,0,
1,4,1,88.360046,0,0,
1,2,1,88.508560,1,0,
1,6,1,88.508560,0,0,
1,5,1,88.657074,1,0,
1,1,1,88.657074,0,0,
1,4,1,88.805588,1,0,
1,3,1,88.805588,0,0,
1,5,1,88.954102,1,0,
1,2,1,88.954102,0,0,
1,6,1,89.028351,0,0,
1,0,1,89.102615,1,0,
1,5,1,89.102615,0,0,
1,5,1,89.251129,1,0,
1,2,1,89.251129,0,0,
1,6,1,89.325378,0,0,
1,2,1,89.436768,1,0,
1,6,1,89.436768,0,0,
1,0,1,89.548157,1,0,
1,4,1,89.548157,0,0,
1,4,1,89.696671,1,0,
1,1,1,89.696671,0,0,
1,0,1,89.882309,1,0,
1,5,1,89.882309,0,0,
1,5,1,89.993706,0,0,
1,6,1,90.142212,1,0,
1,3,1,90.142212,0,0,
1,1,1,90.290726,1,0,
1,3,1,90.290726,0,0,
1,3,1,90.476364,1,0,
1,5,1,90.476364,0,0,
1,4,1,90.587761,0,0,
1,2,1,90.736267,1,0,
1,6,1,90.736267,0,0,
1,5,1,90.884781,1,0,
1,1,1,90.884781,0,0,
1,0,1,91.008545,1,0,
1,6,1,91.008545,0,0,
1,5,1,91.082787,0,0,
1,2,1,91.181808,1,0,
1,5,1,91.181808,0,0,
1,3,1,91.305565,1,0,
1,0,1,91.305565,0,0,
1,6,1,91.379807,0,0,
1,1,1,91.478828,1,0,
1,4,1,91.478828,0,0,
1,1,1,91.602585,1,0,
1,2,1,91.602585,0,0,
1,3,1,91.676826,0,0,
1,3,1,91.775848,1,0,
1,2,1,91.775848,0,0,
1,1,1,91.899612,1,0,
1,6,1,91.899612,0,0,
1,4,1,91.973846,0,0,
1,2,1,92.072876,1,0,
1,3,1,92.072876,0,0,
1,3,1,92.196632,1,0,
1,4,1,92.196632,0,0,
1,2,1,92.270851,0,0,
1,6,1,92.369888,1,0,
1,1,1,92.369888,0,0,
1,5,1,92.493645,1,0,
1,2,1,92.493645,0,0,
1,4,1,92.567848,0,0,
1,4,1,92.666901,1,0,
1,2,1,92.666901,0,0,
1,6,1,92.741096,0,0,
1,1,1,92.815346,0,0,
1,4,1,92.889595,0,0,
1,1,1,92.963913,1,0,
1,0,1,92.963913,0,0,
1,6,1,93.038094,0,0,
1,6,1,93.112343,0,0,
1,4,1,93.186592,0,0,
1,2,1,93.260925,1,0,
1,1,1,93.260925,0,0,
1,5,1,93.446564,1,0,
1,4,1,93.446564,0,0,
1,0,1,93.558037,0,0,
1,3,1,93.706467,1,0,
1,5,1,93.706467,0,0,
1,4,1,93.855064,0,0,
1,5,1,94.003494,1,0,
1,1,1,94.003494,0,0,
1,3,1,94.152008,1,0,
1,1,1,94.152008,0,0,
1,2,1,94.300522,1,0,
1,5,1,94.300522,0,0,
1,0,1,94.449036,1,0,
1,3,1,94.449036,0,0,
1,3,1,94.671799,1,0,
1,6,1,94.671799,0,0,
1,1,1,94.894554,1,0,
1,3,1,94.894554,0,0,
1,3,1,95.043060,1,0,
1,0,1,95.043060,0,0,
1,0,1,95.340073,1,0,
1,1,1,95.340073,0,0,
1,1,1,95.358505,0,0,
1,6,1,95.377068,0,0,
1,0,1,95.395630,0,0,
1,0,1,95.414192,0,0,
1,6,1,95.432755,0,0,
1,2,1,95.451317,0,0,
1,4,1,95.469879,0,0,
1,0,1,95.488441,0,0,
1,6,1,95.507004,0,0,
1,3,1,95.525566,0,0,
1,6,1,95.544128,0,0,
1,3,1,95.562691,0,0,
1,0,1,95.609238,1,0,
1,4,1,95.609238,0,0,
1,5,1,95.599815,0,0,
1,0,1,95.618378,0,0,
1,5,1,95.636940,0,0,
1,0,1,95.822723,1,0,
1,2,1,95.822723,0,0,
1,3,1,95.934113,1,0,
1,4,1,95.934113,0,0,
1,0,1,96.082626,1,0,
1,4,1,96.082626,0,0,
1,0,1,96.156738,0,0,
1,5,1,96.230995,0,0,
1,0,1,96.379654,1,0,
1,4,1,96.379654,0,0,
1,5,1,96.528313,0,0,
1,2,1,96.676682,1,0,
1,6,1,96.676682,0,0,
1,0,1,96.825195,1,0,
1,3,1,96.825195,0,0,
1,5,1,96.973709,1,0,
1,1,1,96.973709,0,0,
1,1,1,97.122223,1,0,
1,0,1,97.122223,0,0,
1,3,1,97.270737,1,0,
1,1,1,97.270737,0,0,
1,3,1,97.344849,0,0,
1,0,1,97.419106,0,0,
1,4,1,97.567764,1,0,
1,5,1,97.567764,0,0,
1,5,1,97.716278,1,0,
1,6,1,97.716278,0,0,
1,1,1,97.864792,1,0,
1,2,1,97.864792,0,0,
1,3,1,98.013306,1,0,
1,6,1,98.013306,0,0,
1,2,1,98.235931,0,0,
1,2,1,98.310333,1,0,
1,0,1,98.310333,0,0,
1,5,1,98.384445,0,0,
1,1,1,98.458847,1,0,
1,6,1,98.458847,0,0,
1,0,1,98.532959,0,0,
1,3,1,98.607361,1,0,
1,1,1,98.607361,0,0,
1,1,1,98.681473,0,0,
1,1,1,98.755875,1,0,
1,6,1,98.755875,0,0,
1,1,1,98.829987,0,0,
1,2,1,98.904388,1,0,
1,1,1,98.904388,0,0,
1,2,1,98.978500,0,0,
1,4,1,99.052902,1,0,
1,0,1,99.052902,0,0,
1,0,1,99.127014,0,0,
1,0,1,99.201416,1,0,
1,4,1,99.201416,0,0,
1,4,1,99.424042,0,0,
1,0,1,99.498444,1,0,
1,6,1,99.498444,0,0,
1,5,1,99.572556,0,0,
1,6,1,99.646957,1,0,
1,5,1,99.646957,0,0,
1,4,1,99.721069,0,0,
1,3,1,99.795471,1,0,
1,2,1,99.795471,0,0,
1,1,1,99.869583,0,0,
1,5,1,99.943985,1,0,
1,1,1,99.943985,0,0,
1,3,1,100.018097,0,0,
1,0,1,100.092499,1,0,
1,4,1,100.092499,0,0,
1,5,1,100.166611,0,0,
1,6,1,100.241013,1,0,
1,2,1,100.241013,0,0,
1,0,1,100.315125,0,0,
1,2,1,100.389526,1,0,
1,4,1,100.389526,0,0,
1,6,1,100.538185,0,0,
1,5,1,100.686554,1,0,
1,3,1,100.686554,0,0,
1,4,1,100.835068,1,0,
1,5,1,100.835068,0,0,
1,3,1,100.909180,0,0,
1,4,1,100.983437,0,0,
1,3,1,101.132095,1,0,
1,6,1,101.132095,0,0,
1,3,1,101.280754,0,0,
1,0,1,101.429123,1,0,
1,2,1,101.429123,0,0,
1,5,1,101.577637,1,0,
1,1,1,101.577637,0,0,
1,4,1,101.763275,1,0,
1,5,1,101.763275,0,0,
1,3,1,101.874664,1,0,
1,0,1,101.874664,0,0,
1,6,1,101.948776,0,0,
1,4,1,102.023178,1,0,
1,5,1,102.023178,0,0,
1,1,1,102.097290,0,0,
1,6,1,102.171547,0,0,
1,1,1,102.245804,0,0,
1,0,1,102.320206,1,0,
1,6,1,102.320206,0,0,
1,2,1,102.394318,0,0,
1,1,1,102.468719,1,0,
1,4,1,102.468719,0,0,
1,0,1,102.542831,0,0,
1,1,1,102.617233,1,0,
1,5,1,102.617233,0,0,
1,5,1,102.691345,0,0,
1,5,1,102.765747,1,0,
1,4,1,102.765747,0,0,
1,2,1,102.839859,0,0,
1,4,1,102.914116,0,0,
1,6,1,102.988373,0,0,
1,4,1,103.062775,1,0,
1,0,1,103.062775,0,0,
1,0,1,103.136887,0,0,
1,2,1,103.211288,1,0,
1,1,1,103.211288,0,0,
1,0,1,103.285400,0,0,
1,4,1,103.359802,1,0,
1,1,1,103.359802,0,0,
1,3,1,103.433914,0,0,
1,0,1,103.508316,1,0,
1,4,1,103.508316,0,0,
1,2,1,103.582428,0,0,
1,3,1,103.656830,1,0,
1,0,1,103.656830,0,0,
1,4,1,103.730942,0,0,
1,4,1,103.805344,1,0,
1,6,1,103.805344,0,0,
1,6,1,103.879456,0,0,
1,6,1,103.953857,1,0,
1,5,1,103.953857,0,0,
1,0,1,104.027969,0,0,
1,2,1,104.102226,0,0,
1,0,1,104.176483,0,0,
1,5,1,104.250885,1,0,
1,3,1,104.250885,0,0,
1,0,1,104.547913,1,0,
1,1,1,104.547913,0,0,
1,3,1,104.844940,1,0,
1,4,1,104.844940,0,0,
1,5,1,105.141968,1,0,
1,6,1,105.141968,0,0,
1,6,1,105.364594,0,0,
1,0,1,105.438995,1,0,
1,5,1,105.438995,0,0,
1,3,1,105.513107,0,0,
1,4,1,105.587509,1,0,
1,2,1,105.587509,0,0,
1,1,1,105.661621,0,0,
1,5,1,105.736023,1,0,
1,2,1,105.736023,0,0,
1,0,1,105.810135,0,0,
1,3,1,105.884537,1,0,
1,2,1,105.884537,0,0,
1,4,1,105.958649,0,0,
1,0,1,106.033051,1,0,
1,5,1,106.033051,0,0,
1,1,1,106.107162,0,0,
1,0,1,106.181564,1,0,
1,1,1,106.181564,0,0,
1,6,1,106.255676,0,0,
1,2,1,106.330078,1,0,
1,6,1,106.330078,0,0,
1,6,1,106.552704,0,0,
1,2,1,106.627106,1,0,
1,1,1,106.627106,0,0,
1,2,1,106.701218,0,0,
1,4,1,106.775620,1,0,
1,3,1,106.775620,0,0,
1,0,1,106.849731,0,0,
1,0,1,106.924133,1,0,
1,5,1,106.924133,0,0,
1,6,1,106.998245,0,0,
1,2,1,107.072647,1,0,
1,3,1,107.072647,0,0,
1,3,1,107.146759,0,0,
1,1,1,107.221161,1,0,
1,2,1,107.221161,0,0,
1,5,1,107.295273,0,0,
1,6,1,107.369675,1,0,
1,3,1,107.369675,0,0,
1,0,1,107.443787,0,0,
1,6,1,107.518188,1,0,
1,1,1,107.518188,0,0,
1,5,1,107.740814,0,0,
1,2,1,107.815216,1,0,
1,1,1,107.815216,0,0,
1,3,1,107.889328,0,0,
1,0,1,107.963730,1,0,
1,4,1,107.963730,0,0,
1,5,1,108.037842,0,0,
1,2,1,108.112244,1,0,
1,6,1,108.112244,0,0,
1,6,1,108.186356,0,0,
1,3,1,108.260757,1,0,
1,1,1,108.260757,0,0,
1,4,1,108.334869,0,0,
1,3,1,108.409271,1,0,
1,2,1,108.409271,0,0,
1,6,1,108.483383,0,0,
1,2,1,108.557785,1,0,
1,0,1,108.557785,0,0,
1,6,1,108.631897,0,0,
1,0,1,108.706299,1,0,
1,3,1,108.706299,0,0,
1,1,1,108.805161,0,0,
1,6,1,108.904167,0,0,
1,1,1,109.003326,1,0,
1,0,1,109.003326,0,0,
1,1,1,109.127083,1,0,
1,0,1,109.127083,0,0,
1,5,1,109.201187,0,0,
1,1,1,109.300346,1,0,
1,0,1,109.300346,0,0,
1,2,1,109.424103,1,0,
1,5,1,109.424103,0,0,
1,2,1,109.498207,0,0,
1,6,1,109.597366,1,0,
1,0,1,109.597366,0,0,
1,1,1,109.721130,1,0,
1,0,1,109.721130,0,0,
1,3,1,109.795227,0,0,
1,3,1,109.894394,1,0,
1,5,1,109.894394,0,0,
1,6,1,110.117004,0,0,
1,2,1,110.191422,1,0,
1,6,1,110.191422,0,0,
1,6,1,110.265518,0,0,
1,0,1,110.339935,1,0,
1,5,1,110.339935,0,0,
1,1,1,110.414032,0,0,
1,2,1,110.488449,1,0,
1,6,1,110.488449,0,0,
1,3,1,110.562546,0,0,
1,2,1,110.636963,1,0,
1,3,1,110.636963,0,0,
1,0,1,110.711060,0,0,
1,2,1,110.785477,1,0,
1,1,1,110.785477,0,0,
1,5,1,110.859573,0,0,
1,5,1,110.933990,1,0,
1,0,1,110.933990,0,0,
1,0,1,111.008087,0,0,
1,4,1,111.082504,1,0,
1,6,1,111.082504,0,0,
1,2,1,111.305115,0,0,
1,4,1,111.379532,1,0,
1,5,1,111.379532,0,0,
1,2,1,111.453629,0,0,
1,1,1,111.528046,1,0,
1,2,1,111.528046,0,0,
1,0,1,111.602142,0,0,
1,4,1,111.676559,1,0,
1,2,1,111.676559,0,0,
1,2,1,111.750656,0,0,
1,4,1,111.825073,1,0,
1,6,1,111.825073,0,0,
1,5,1,111.899170,0,0,
1,1,1,111.973587,1,0,
1,3,1,111.973587,0,0,
1,1,1,112.047684,0,0,
1,0,1,112.122101,1,0,
1,4,1,112.122101,0,0,
1,5,1,112.196198,0,0,
1,2,1,112.270615,1,0,
1,5,1,112.270615,0,0,
1,4,1,112.493225,0,0,
1,1,1,112.567642,1,0,
1,5,1,112.567642,0,0,
1,5,1,112.641739,0,0,
1,3,1,112.716156,1,0,
1,4,1,112.716156,0,0,
1,0,1,112.790253,0,0,
1,3,1,112.864670,1,0,
1,0,1,112.864670,0,0,
1,2,1,112.938766,0,0,
1,3,1,113.013184,1,0,
1,2,1,113.013184,0,0,
1,4,1,113.087280,0,0,
1,6,1,113.161697,1,0,
1,1,1,113.161697,0,0,
1,1,1,113.235794,0,0,
1,3,1,113.310211,1,0,
1,4,1,113.310211,0,0,
1,4,1,113.384308,0,0,
1,1,1,113.458725,1,0,
1,0,1,113.458725,0,0,
1,6,1,113.532822,0,0,
1,3,1,113.607079,0,0,
1,2,1,113.681335,0,0,
1,1,1,113.755753,1,0,
1,5,1,113.755753,0,0,
1,6,1,113.829849,0,0,
1,4,1,113.904106,0,0,
1,0,1,113.978363,0,0,
1,2,1,114.052780,1,0,
1,4,1,114.052780,0,0,
1,0,1,114.126877,0,0,
1,0,1,114.201134,0,0,
1,5,1,114.275391,0,0,
1,2,1,114.349648,0,0,
1,6,1,114.423904,0,0,
1,1,1,114.498161,0,0,
1,5,1,114.572418,0,0,
1,2,1,114.646835,1,0,
1,5,1,114.646835,0,0,
1,3,1,115.092377,1,0,
1,6,1,115.092377,0,0,
1,6,1,115.537918,1,0,
1,5,1,115.537918,0,0,
1,6,1,116.725868,0,0,
1,1,1,116.800125,0,0,
1,1,1,116.874382,0,0,
1,1,1,116.948639,0,0,
1,6,1,117.023056,1,0,
1,1,1,117.023056,0,0,
1,6,1,117.468597,1,0,
1,1,1,117.468597,0,0,
1,4,1,117.914139,1,0,
1,0,1,117.914139,0,0,
1,0,1,119.102089,0,0,
1,2,1,119.176346,0,0,
1,0,1,119.250603,0,0,
1,4,1,119.324860,0,0,
1,0,1,119.399284,1,0,
1,2,1,119.399284,0,0,
1,1,1,119.844826,1,0,
1,2,1,119.844826,0,0,
1,6,1,120.290367,1,0,
1,0,1,120.290367,0,0,
1,0,1,121.478310,0,0,
1,2,1,121.552567,0,0,
1,6,1,121.626823,0,0,
1,0,1,121.701080,0,0,
1,5,1,121.775513,1,0,
1,6,1,121.775513,0,0,
1,4,1,122.221054,1,0,
1,0,1,122.221054,0,0,
1,0,1,122.666595,1,0,
1,6,1,122.666595,0,0,
-1,0,0,0,0,0,