0,0,0,0,0,0,
1,1,1,0.198,0,0,
1,3,1,0.281333,0,0,
1,2,1,0.364667,0,0,
1,5,1,0.448,0,0,
1,1,1,0.531333,0,0,
1,3,1,0.614667,0,0,
1,3,1,0.698,0,0,
1,4,1,0.781333,0,0,
1,5,1,0.864667,0,0,
1,0,1,0.948,0,0,
1,1,1,1.031333,0,0,
1,2,1,1.114667,0,0,
1,3,1,1.198,0,0,
1,4,1,1.281333,0,0,
1,1,1,1.364667,0,0,
1,5,1,1.448,0,0,
1,4,1,1.531333,0,0,
1,3,1,1.614667,0,0,
1,0,1,1.698,0,0,
1,1,1,1.781334,0,0,
1,3,1,1.864667,0,0,
1,5,1,1.948,0,0,
1,0,1,2.031334,0,0,
1,4,1,2.114667,0,0,
1,2,1,2.198,0,0,
1,6,1,2.281333,0,0,
1,0,1,2.364667,0,0,
1,4,1,2.448,0,0,
1,5,1,2.531333,0,0,
1,1,1,2.614666,0,0,
1,5,1,2.698,0,0,
1,4,1,2.781333,0,0,
1,0,1,2.864666,0,0,
1,2,1,2.947999,0,0,
1,3,1,3.031333,0,0,
1,0,1,3.114666,0,0,
1,6,1,3.197999,0,0,
1,1,1,3.281332,0,0,
1,0,1,3.364666,0,0,
1,1,1,3.447999,0,0,
1,5,1,3.531332,0,0,
1,3,1,3.614666,0,0,
1,5,1,3.697999,0,0,
1,6,1,3.781332,0,0,
1,1,1,3.864665,0,0,
1,1,1,3.947999,0,0,
1,6,1,4.031332,0,0,
1,2,1,4.114666,0,0,
1,1,1,4.197999,0,0,
1,4,1,4.281332,0,0,
1,0,1,4.364666,0,0,
1,5,1,4.447999,0,0,
1,6,1,4.531333,0,0,
1,2,1,4.614666,0,0,
1,0,1,4.698,0,0,
1,5,1,4.781333,0,0,
1,2,1,4.864667,0,0,
1,5,1,4.948,0,0,
1,5,1,5.031334,0,0,
1,1,1,5.114667,0,0,
1,4,1,5.198001,0,0,
1,5,1,5.281334,0,0,
1,0,1,5.364668,0,0,
1,1,1,5.448001,0,0,
1,2,1,5.531335,0,0,
1,5,1,5.614668,0,0,
1,6,1,5.698002,0,0,
1,2,1,5.781335,0,0,
1,4,1,5.864669,0,0,
1,3,1,5.948002,0,0,
1,4,1,6.031336,0,0,
1,6,1,6.114669,0,0,
1,0,1,6.198003,0,0,
1,2,1,6.281336,0,0,
1,0,1,6.36467,0,0,
1,1,1,6.448003,0,0,
1,4,1,6.531337,0,0,
1,1,1,6.61467,0,0,
1,4,1,6.698004,0,0,
1,2,1,6.781337,0,0,
1,3,1,6.864671,0,0,
1,6,1,6.948004,0,0,
1,0,1,7.031338,0,0,
1,2,1,7.114671,0,0,
1,1,1,7.198005,0,0,
1,0,1,7.281338,0,0,
1,4,1,7.364672,0,0,
1,1,1,7.448005,0,0,
1,4,1,7.531339,0,0,
1,5,1,7.614672,0,0,
1,6,1,7.698006,0,0,
1,0,1,7.781339,0,0,
1,3,1,7.864673,0,0,
1,5,1,7.948006,0,0,
1,2,1,8.03134,0,0,
1,4,1,8.114673,0,0,
1,6,1,8.198006,0,0,
1,1,1,8.281339,0,0,
1,3,1,8.364672,0,0,
1,4,1,8.448005,0,0,
1,6,1,8.531338,0,0,
1,1,1,8.614671,0,0,
1,0,1,8.698005,0,0,
1,3,1,8.781337,0,0,
1,1,1,8.86467,0,0,
1,6,1,8.948003,0,0,
1,4,1,9.031336,0,0,
1,5,1,9.114669,0,0,
1,6,1,9.198002,0,0,
1,2,1,9.281335,0,0,
1,5,1,9.364668,0,0,
1,0,1,9.448,0,0,
1,4,1,9.531334,0,0,
1,1,1,9.614667,0,0,
1,3,1,9.698,0,0,
1,6,1,9.781333,0,0,
1,4,1,9.864666,0,0,
1,5,1,9.947999,0,0,
1,4,1,10.03133,0,0,
1,1,1,10.11467,0,0,
1,5,1,10.198,0,0,
1,0,1,10.28133,0,0,
1,3,1,10.36466,0,0,
1,1,1,10.448,0,0,
1,2,1,10.53133,0,0,
1,1,1,10.61466,0,0,
1,0,1,10.698,0,0,
1,2,1,10.78133,0,0,
1,6,1,10.86466,0,0,
1,1,1,10.948,0,0,
1,0,1,11.03133,0,0,
1,4,1,11.11466,0,0,
1,2,1,11.19799,0,0,
1,4,1,11.28133,0,0,
1,3,1,11.36466,0,0,
1,5,1,11.44799,0,0,
1,3,1,11.53133,0,0,
1,6,1,11.61466,0,0,
1,2,1,11.69799,0,0,
1,0,1,11.78133,0,0,
1,2,1,11.86466,0,0,
1,1,1,11.94799,0,0,
1,4,1,12.03132,0,0,
1,1,1,12.11466,0,0,
1,5,1,12.19799,0,0,
1,3,1,12.28132,0,0,
1,1,1,12.36466,0,0,
1,0,1,12.44799,0,0,
1,1,1,12.53132,0,0,
1,6,1,12.61465,0,0,
1,5,1,12.69799,0,0,
1,4,1,12.78132,0,0,
1,3,1,12.86465,0,0,
1,6,1,12.94799,0,0,
1,2,1,13.03132,0,0,
1,1,1,13.11465,0,0,
1,5,1,13.19799,0,0,
1,2,1,13.28132,0,0,
1,1,1,13.36465,0,0,
1,3,1,13.44799,0,0,
1,6,1,13.53132,0,0,
1,1,1,13.61465,0,0,
1,2,1,13.69798,0,0,
1,3,1,13.78132,0,0,
1,2,1,13.86465,0,0,
1,0,1,13.94798,0,0,
1,5,1,14.03132,0,0,
1,0,1,14.11465,0,0,
1,3,1,14.19798,0,0,
1,0,1,14.28132,0,0,
1,5,1,14.36465,0,0,
1,2,1,14.44798,0,0,
1,3,1,14.53131,0,0,
1,1,1,14.61465,0,0,
1,6,1,14.69798,0,0,
1,5,1,14.78131,0,0,
1,0,1,14.86465,0,0,
1,5,1,14.94798,0,0,
1,2,1,15.03131,0,0,
1,3,1,15.11465,0,0,
1,6,1,15.19798,0,0,
1,5,1,15.28131,0,0,
1,2,1,15.36465,0,0,
1,6,1,15.44798,0,0,
1,2,1,15.53131,0,0,
1,3,1,15.61464,0,0,
1,4,1,15.69798,0,0,
1,1,1,15.78131,0,0,
1,6,1,15.86464,0,0,
1,1,1,15.94798,0,0,
1,0,1,16.03131,0,0,
1,6,1,16.11464,0,0,
1,2,1,16.19798,0,0,
1,1,1,16.94798,0,0,
1,4,1,17.07298,0,0,
1,4,1,17.19798,0,0,
1,4,1,17.44798,0,0,
1,5,1,17.69798,0,0,
1,4,1,17.94798,0,0,
1,6,1,18.07298,0,0,
1,4,1,18.19798,0,0,
1,3,1,18.44798,0,0,
1,1,1,18.57298,0,0,
1,2,1,18.82298,0,0,
1,5,1,18.94798,0,0,
1,3,1,19.19798,0,0,
1,0,1,19.26048,0,0,
1,2,1,19.32298,0,0,
1,4,1,19.44798,0,0,
1,6,1,19.51048,0,0,
1,1,1,19.57298,0,0,
1,3,1,19.69798,0,0,
1,6,1,19.76048,0,0,
1,5,1,19.82298,0,0,
1,3,1,19.94798,0,0,
1,3,1,20.19798,0,0,
1,3,1,20.44798,0,0,
1,0,1,20.57298,0,0,
1,6,1,20.82298,0,0,
1,5,1,20.94798,0,0,
1,6,1,21.19798,0,0,
1,1,1,21.32298,0,0,
1,6,1,21.44798,0,0,
1,4,1,21.57298,0,0,
1,0,1,21.82298,0,0,
1,4,1,21.94798,0,0,
1,5,1,22.19798,0,0,
1,3,1,22.26048,0,0,
1,5,1,22.32298,0,0,
1,0,1,22.44798,0,0,
1,5,1,22.69798,0,0,
1,1,1,22.76048,0,0,
1,0,1,22.82298,0,0,
1,6,1,22.94798,0,0,
1,0,1,23.19798,0,0,
1,4,1,23.26048,0,0,
1,5,1,23.32298,0,0,
1,1,1,23.44798,0,0,
1,3,1,23.51048,0,0,
1,2,1,23.57298,0,0,
1,4,1,23.69798,0,0,
1,6,1,23.76048,0,0,
1,2,1,23.82298,0,0,
1,5,1,23.94798,0,0,
1,0,1,24.01048,0,0,
1,2,1,24.07298,0,0,
1,2,1,24.19798,0,0,
1,5,1,24.32298,0,0,
1,4,1,24.44798,0,0,
1,5,1,24.57298,0,0,
1,2,1,24.82298,0,0,
1,3,1,24.94798,0,0,
1,3,1,25.19798,0,0,
1,0,1,25.32298,0,0,
1,5,1,25.44798,0,0,
1,4,1,25.57298,0,0,
1,6,1,25.69798,0,0,
1,2,1,25.82298,0,0,
1,1,1,25.94798,0,0,
1,5,1,26.19798,0,0,
1,2,1,26.32298,0,0,
1,4,1,26.44798,0,0,
1,6,1,26.57298,0,0,
1,3,1,26.69798,0,0,
1,2,1,26.82298,0,0,
1,6,1,26.94798,0,0,
1,6,1,27.19798,0,0,
1,0,1,27.32298,0,0,
1,6,1,27.44798,0,0,
1,6,1,27.69798,0,0,
1,4,1,28.19798,0,0,
1,5,1,28.32298,0,0,
1,4,1,28.44798,0,0,
1,3,1,28.57298,0,0,
1,4,1,28.69798,0,0,
1,5,1,28.82298,0,0,
1,2,1,28.94798,0,0,
1,5,1,29.19798,0,0,
1,2,1,29.44798,0,0,
1,6,1,29.57298,0,0,
1,5,1,29.82298,0,0,
1,4,1,29.94798,0,0,
1,1,1,30.19798,0,0,
1,6,1,30.32298,0,0,
1,1,1,30.44798,0,0,
1,3,1,30.69798,0,0,
1,6,1,30.76048,0,0,
1,1,1,30.82298,0,0,
1,0,1,30.94798,0,0,
1,5,1,31.19798,0,0,
1,0,1,31.26048,0,0,
1,4,1,31.32298,0,0,
1,0,1,31.44798,0,0,
1,1,1,31.51048,0,0,
1,0,1,31.57298,0,0,
1,5,1,31.69798,0,0,
1,1,1,31.76048,0,0,
1,0,1,31.82298,0,0,
1,6,1,31.94798,0,0,
1,5,1,32.01048,0,0,
1,6,1,32.07298,0,0,
1,6,1,32.19798,0,0,
1,1,1,32.44798,0,0,
1,5,1,32.57298,0,0,
1,4,1,32.94798,0,0,
1,4,1,33.19798,0,0,
1,4,1,33.69798,4,0,
1,0,1,33.69798,0,0,
1,1,1,33.69798,0,0,
1,2,1,33.69798,0,0,
1,3,1,33.69798,0,0,
1,3,1,33.94798,3,0,
1,0,1,33.94798,0,0,
1,1,1,33.94798,0,0,
1,2,1,33.94798,0,0,
1,1,1,34.19798,2,0,
1,0,1,34.19798,0,0,
1,2,1,34.19798,0,0,
1,0,1,34.57298,0,0,
1,3,1,34.94798,0,0,
1,1,1,35.19798,0,0,
1,5,1,35.44798,0,0,
1,0,1,35.69798,0,0,
1,4,1,35.94798,0,0,
1,2,1,36.07298,0,0,
1,6,1,36.19798,0,0,
1,6,1,36.32298,0,0,
1,0,1,36.69798,0,0,
1,2,1,36.94798,0,0,
1,0,1,37.07298,0,0,
1,6,1,37.19798,0,0,
1,2,1,37.69798,0,0,
1,4,1,38.19798,0,0,
1,5,1,38.57298,0,0,
1,4,1,38.94798,0,0,
1,1,1,39.07298,0,0,
1,3,1,39.19798,0,0,
1,1,1,39.44798,0,0,
1,0,1,39.57298,0,0,
1,6,1,39.94798,0,0,
1,5,1,40.19798,0,0,
1,0,1,40.44798,0,0,
1,3,1,40.57298,0,0,
1,1,1,40.94798,0,0,
1,4,1,41.19798,0,0,
1,0,1,41.44798,0,0,
1,4,1,41.69798,0,0,
1,3,1,41.94798,0,0,
1,3,1,42.19798,0,0,
2,5,1,42.57298,0,0.262,
2,6,1,42.94798,0,0.262,
1,4,1,43.19798,0,0,
1,4,1,43.69798,0,0,
1,0,1,43.94798,0,0,
1,1,1,44.19798,0,0,
1,1,1,44.44798,0,0,
1,4,1,44.57298,0,0,
1,2,1,44.94798,0,0,
1,3,1,45.07298,0,0,
2,6,1,45.19798,0,0.5013,
2,5,1,45.69798,1,0.497,
2,4,1,45.69798,0,0.499,
2,3,1,46.19798,2,0.508,
1,2,1,46.19798,0,0,
2,1,1,46.19798,0,0.511,
2,0,1,46.69798,1,0.502,
2,2,1,46.69798,0,0.498,
2,4,1,47.19798,1,0.494,
2,6,1,47.19798,0,0.492,
2,5,1,47.69798,1,0.262,
2,1,1,47.69798,0,0.262,
1,0,1,48.19798,0,0,
1,6,1,48.26048,0,0,
1,3,1,48.32298,0,0,
1,6,1,48.38548,0,0,
1,5,1,48.44798,0,0,
1,0,1,48.69798,0,0,
1,4,1,48.94798,0,0,
1,6,1,49.07298,0,0,
1,3,1,49.32298,0,0,
1,5,1,49.57298,0,0,
1,4,1,49.82298,0,0,
1,5,1,50.44798,0,0,
1,0,1,50.69798,0,0,
1,6,1,50.94798,0,0,
1,5,1,51.07298,0,0,
1,5,1,51.32298,0,0,
1,6,1,51.57298,0,0,
1,1,1,51.82298,0,0,
1,1,1,52.44798,0,0,
1,0,1,52.69798,0,0,
1,6,1,52.94798,0,0,
1,5,1,53.07298,0,0,
1,1,1,53.32298,0,0,
1,2,1,53.69798,0,0,
1,4,1,53.94798,1,0,
1,0,1,53.94798,0,0,
1,4,1,54.19798,1,0,
1,0,1,54.19798,0,0,
1,4,1,54.69798,2,0,
1,0,1,54.69798,0,0,
1,2,1,54.69798,0,0,
1,3,1,55.19798,6,0,
3,4,1,55.19798,0,0,
3,5,1,55.19798,0,0,
3,6,1,55.19798,0,0,
3,2,1,55.19798,0,0,
3,1,1,55.19798,0,0,
3,0,1,55.19798,0,0,
1,5,1,55.69798,6,0,
1,1,1,55.69798,0,0,
3,6,1,55.69798,0,0,
3,4,1,55.69798,0,0,
3,3,1,55.69798,0,0,
3,2,1,55.69798,0,0,
3,0,1,55.69798,0,0,
1,2,1,56.19798,6,0,
1,3,1,56.19798,0,0,
1,4,1,56.19798,0,0,
3,1,1,56.19798,0,0,
3,0,1,56.19798,0,0,
3,5,1,56.19798,0,0,
3,6,1,56.19798,0,0,
1,6,1,56.57298,6,0,
1,0,1,56.57298,0,0,
1,3,1,56.57298,0,0,
3,1,1,56.57298,0,0,
3,5,1,56.57298,0,0,
3,2,1,56.57298,0,0,
3,4,1,56.57298,0,0,
1,4,1,56.94798,0,0,
1,4,1,57.32298,0,0,
1,2,1,57.69798,0,0,
1,1,1,57.94798,0,0,
1,1,1,58.19798,0,0,
1,3,1,58.32298,0,0,
1,0,1,58.44798,0,0,
1,3,1,58.57298,0,0,
1,6,1,58.69798,0,0,
1,1,1,58.82298,0,0,
1,5,1,58.94798,0,0,
1,0,1,59.07298,0,0,
1,6,1,59.19798,0,0,
1,3,1,59.32298,0,0,
1,1,1,59.44798,0,0,
1,0,1,59.57298,0,0,
1,3,1,59.69798,0,0,
1,3,1,59.94798,0,0,
1,6,1,60.19798,0,0,
1,4,1,60.44798,0,0,
1,3,1,60.57298,0,0,
1,6,1,60.82298,0,0,
1,0,1,61.07298,0,0,
1,4,1,61.32298,0,0,
1,0,1,61.57298,0,0,
1,6,1,61.82298,0,0,
1,3,1,62.07298,0,0,
1,3,1,62.19798,0,0,
1,2,1,62.28131,0,0,
1,4,1,62.36464,0,0,
1,1,1,62.44797,0,0,
1,2,1,62.69797,0,0,
1,0,1,62.7813,0,0,
1,3,1,62.86463,0,0,
1,0,1,62.94796,0,0,
1,4,1,63.19796,0,0,
1,1,1,63.26046,0,0,
1,2,1,63.32296,0,0,
1,3,1,63.38546,0,0,
1,5,1,63.44796,0,0,
1,1,1,64.19796,0,0,
1,2,1,64.57296,0,0,
1,3,1,64.94796,0,0,
1,2,1,65.07296,0,0,
1,5,1,65.19796,0,0,
1,0,1,65.44796,0,0,
1,5,1,65.69796,0,0,
1,3,1,65.94796,0,0,
1,2,1,66.07296,0,0,
1,5,1,66.19796,0,0,
1,2,1,66.57296,0,0,
1,0,1,66.82296,0,0,
1,5,1,66.94796,0,0,
1,1,1,67.19796,0,0,
1,3,1,67.44796,0,0,
1,4,1,67.69796,0,0,
1,3,1,67.94796,0,0,
1,4,1,68.19796,0,0,
1,5,1,68.69796,0,0,
1,1,1,68.94796,0,0,
1,6,1,69.19796,0,0,
1,5,1,69.57296,0,0,
1,3,1,69.94796,0,0,
1,4,1,70.19796,1,0,
1,2,1,70.19796,0,0,
1,4,1,70.44796,2,0,
1,3,1,70.44796,0,0,
1,2,1,70.44796,0,0,
1,1,1,70.69796,0,0,
1,6,1,70.94796,0,0,
1,1,1,71.07296,0,0,
1,3,1,71.44796,0,0,
1,4,1,71.69796,0,0,
1,4,1,71.94796,0,0,
1,4,1,72.19796,0,0,
1,3,1,72.57296,0,0,
1,3,1,72.94796,0,0,
1,5,1,73.07296,0,0,
1,2,1,73.19796,0,0,
1,4,1,73.44796,0,0,
1,6,1,73.69796,0,0,
1,3,1,73.94796,0,0,
1,0,1,74.07296,0,0,
1,3,1,74.19796,0,0,
1,2,1,74.44796,0,0,
1,4,1,74.57296,0,0,
1,1,1,74.82296,0,0,
1,3,1,74.94796,0,0,
1,2,1,75.19796,0,0,
1,5,1,75.44796,0,0,
1,3,1,75.69796,0,0,
1,6,1,75.94796,0,0,
1,4,1,76.19796,0,0,
1,4,1,76.69796,0,0,
1,4,1,76.94796,0,0,
1,2,1,77.19796,0,0,
1,6,1,77.57296,1,0,
1,0,1,77.57296,0,0,
1,2,1,77.94796,0,0,
1,0,1,78.19796,0,0,
1,0,1,78.44796,0,0,
1,0,1,78.69796,0,0,
1,2,1,78.94796,0,0,
1,4,1,79.07296,0,0,
1,2,1,79.44796,0,0,
1,1,1,79.69796,0,0,
1,1,1,79.94796,0,0,
1,3,1,80.19796,0,0,
1,4,1,80.2813,0,0,
1,3,1,80.36463,0,0,
1,3,1,80.44797,0,0,
1,3,1,80.5313,0,0,
1,4,1,80.61464,0,0,
1,3,1,80.69798,0,0,
1,3,1,80.78131,0,0,
1,3,1,80.86465,0,0,
1,4,1,80.94798,0,0,
1,3,1,81.03132,0,0,
1,3,1,81.11465,0,0,
1,3,1,81.19799,0,0,
1,4,1,81.28133,0,0,
1,3,1,81.36466,0,0,
1,3,1,81.448,0,0,
1,3,1,81.53133,0,0,
1,4,1,81.61467,0,0,
1,1,1,81.69801,0,0,
1,1,1,81.78134,0,0,
1,6,1,81.86468,0,0,
1,6,1,81.94801,0,0,
1,5,1,82.03134,0,0,
1,5,1,82.11469,0,0,
1,0,1,82.19802,0,0,
1,0,1,82.28136,0,0,
1,3,1,82.36469,0,0,
1,3,1,82.44803,0,0,
1,2,1,82.53136,0,0,
1,2,1,82.6147,0,0,
1,4,1,82.69804,0,0,
1,4,1,82.78137,0,0,
1,6,1,82.86471,0,0,
1,6,1,82.94804,0,0,
1,0,1,83.03138,0,0,
1,0,1,83.11473,0,0,
1,4,1,83.19805,0,0,
1,6,1,83.28139,0,0,
1,4,1,83.36473,0,0,
1,6,1,83.44806,0,0,
1,2,1,83.53139,0,0,
1,1,1,83.61473,0,0,
1,2,1,83.69807,0,0,
1,1,1,83.7814,0,0,
1,6,1,83.86474,0,0,
1,5,1,83.94807,0,0,
1,6,1,84.03141,0,0,
1,5,1,84.11475,0,0,
1,2,1,84.19808,0,0,
1,0,1,84.28142,0,0,
1,2,1,84.36475,0,0,
1,0,1,84.44809,0,0,
1,3,1,84.53143,0,0,
1,3,1,84.61476,0,0,
1,3,1,84.69809,0,0,
1,3,1,84.78143,0,0,
1,3,1,84.86477,0,0,
1,3,1,84.94809,0,0,
1,3,1,85.03144,0,0,
1,3,1,85.11478,0,0,
1,1,1,85.19811,0,0,
1,5,1,85.28145,0,0,
1,2,1,85.36478,0,0,
1,3,1,85.44812,0,0,
1,2,1,85.53146,0,0,
1,0,1,85.61479,0,0,
1,3,1,85.69813,0,0,
1,3,1,85.78146,0,0,
1,2,1,85.8648,0,0,
1,4,1,85.94814,0,0,
1,6,1,86.03148,0,0,
1,2,1,86.11481,0,0,
1,4,1,86.19814,0,0,
1,6,1,86.28148,0,0,
1,1,1,86.36481,0,0,
1,0,1,86.44815,0,0,
1,2,1,86.53149,0,0,
1,4,1,86.61482,0,0,
1,0,1,86.69816,0,0,
1,1,1,86.78149,0,0,
1,2,1,86.86483,0,0,
1,0,1,86.94817,0,0,
1,3,1,87.0315,0,0,
1,1,1,87.11484,0,0,
1,5,1,87.19817,0,0,
1,3,1,87.28151,0,0,
1,1,1,87.36484,0,0,
1,3,1,87.44818,0,0,
1,1,1,87.53152,0,0,
1,5,1,87.61485,0,0,
1,4,1,87.69819,0,0,
1,3,1,87.78152,0,0,
1,5,1,87.86486,0,0,
1,4,1,87.9482,0,0,
1,2,1,88.03153,0,0,
1,1,1,88.11487,0,0,
1,2,1,88.1982,0,0,
1,6,1,88.28154,0,0,
1,3,1,88.36488,0,0,
1,0,1,88.44821,0,0,
1,1,1,88.53155,0,0,
1,4,1,88.61488,0,0,
1,1,1,88.69823,0,0,
1,2,1,88.78156,0,0,
1,3,1,88.86489,0,0,
1,1,1,88.94823,0,0,
1,5,1,89.03156,0,0,
1,4,1,89.1149,0,0,
1,6,1,89.19823,0,0,
1,5,1,89.28157,0,0,
1,6,1,89.36491,0,0,
1,1,1,89.44824,0,0,
1,2,1,89.53158,0,0,
1,4,1,89.61491,0,0,
1,6,1,89.69825,0,0,
1,5,1,89.78159,0,0,
1,0,1,89.86492,0,0,
1,4,1,89.94826,0,0,
1,6,1,90.03159,0,0,
1,4,1,90.11493,0,0,
1,2,1,90.19827,0,0,
1,6,1,90.2816,0,0,
1,0,1,90.36494,0,0,
1,1,1,90.44827,0,0,
1,6,1,90.53161,0,0,
1,4,1,90.61494,0,0,
1,6,1,90.69828,0,0,
1,1,1,90.78162,0,0,
1,2,1,90.86495,0,0,
1,5,1,90.94829,0,0,
1,3,1,91.03162,0,0,
1,4,1,91.11496,0,0,
1,5,1,91.1983,0,0,
1,1,1,91.28163,0,0,
1,2,1,91.36497,0,0,
1,6,1,91.4483,0,0,
1,3,1,91.53164,0,0,
1,4,1,91.61497,0,0,
1,3,1,91.69831,0,0,
1,2,1,91.78165,0,0,
1,1,1,91.86498,0,0,
1,3,1,91.94832,0,0,
1,0,1,92.03165,0,0,
1,0,1,92.11499,0,0,
1,6,1,92.19833,0,0,
1,1,1,92.28166,0,0,
1,1,1,92.365,0,0,
1,6,1,92.44833,0,0,
1,2,1,92.53167,0,0,
1,3,1,92.61501,0,0,
1,5,1,92.69833,0,0,
1,6,1,92.78168,0,0,
1,4,1,92.86501,0,0,
1,4,1,92.94835,0,0,
1,2,1,93.03168,0,0,
1,0,1,93.11502,0,0,
1,4,1,93.19836,0,0,
1,1,1,93.28169,0,0,
1,3,1,93.36503,0,0,
1,6,1,93.44836,0,0,
1,3,1,93.5317,0,0,
1,4,1,93.61504,0,0,
1,3,1,93.69837,0,0,
1,5,1,93.78171,0,0,
1,6,1,93.86504,0,0,
1,0,1,93.94838,0,0,
1,5,1,94.03172,0,0,
1,6,1,94.11505,0,0,
1,4,1,94.19839,0,0,
1,1,1,94.28172,0,0,
1,2,1,94.36506,0,0,
1,3,1,94.44839,0,0,
1,6,1,94.53173,0,0,
1,0,1,94.61507,0,0,
1,5,1,94.6984,0,0,
1,6,1,94.78174,0,0,
1,0,1,94.86507,0,0,
1,3,1,94.94841,0,0,
1,6,1,95.03175,0,0,
1,5,1,95.11508,0,0,
1,0,1,95.19842,0,0,
1,1,1,95.28175,0,0,
1,4,1,95.36508,0,0,
1,2,1,95.44843,0,0,
1,4,1,95.53176,0,0,
1,2,1,95.6151,0,0,
1,0,1,95.69843,0,0,
1,3,1,95.78177,0,0,
1,0,1,95.8651,0,0,
1,5,1,95.94844,0,0,
1,4,1,96.03178,0,0,
1,6,1,96.11511,0,0,
1,5,1,96.19845,0,0,
1,1,1,96.28178,0,0,
1,2,1,96.36512,0,0,
1,5,1,96.44847,0,0,
1,6,1,96.53179,0,0,
1,2,1,96.61513,0,0,
1,0,1,96.69847,0,0,
1,1,1,96.7818,0,0,
1,2,1,96.86514,0,0,
1,3,1,96.94847,0,0,
1,4,1,97.03181,0,0,
1,1,1,97.11514,0,0,
1,3,1,97.19848,0,0,
1,6,1,97.28181,0,0,
1,5,1,97.36515,0,0,
1,2,1,97.44849,0,0,
1,6,1,97.53182,0,0,
1,4,1,97.61516,0,0,
1,5,1,97.69849,0,0,
1,2,1,97.78183,0,0,
1,0,1,97.86517,0,0,
1,6,1,97.9485,0,0,
1,1,1,98.03183,0,0,
1,2,1,98.11517,0,0,
1,4,1,98.19851,0,0,
1,5,1,98.28185,0,0,
1,6,1,98.36518,0,0,
1,0,1,98.44852,0,0,
1,5,1,98.53185,0,0,
1,2,1,98.61519,0,0,
1,5,1,98.69852,0,0,
1,4,1,98.78186,0,0,
1,1,1,98.8652,0,0,
1,2,1,98.94853,0,0,
1,0,1,99.03187,0,0,
1,1,1,99.1152,0,0,
1,3,1,99.19854,0,0,
1,0,1,99.28188,0,0,
1,6,1,99.36522,0,0,
1,0,1,99.44855,0,0,
1,2,1,99.53188,0,0,
1,0,1,99.61522,0,0,
1,5,1,99.69855,0,0,
1,1,1,99.78189,0,0,
1,5,1,99.86523,0,0,
1,3,1,99.94856,0,0,
1,0,1,100.0319,0,0,
1,1,1,100.1152,0,0,
1,5,1,100.1986,0,0,
1,6,1,100.2819,0,0,
1,6,1,100.3652,0,0,
1,3,1,100.4486,0,0,
1,2,1,100.5319,0,0,
1,4,1,100.6152,0,0,
1,3,1,100.6986,0,0,
1,0,1,100.7819,0,0,
1,2,1,100.8653,0,0,
1,3,1,100.9486,0,0,
1,2,1,101.0319,0,0,
1,1,1,101.1153,0,0,
1,2,1,101.1986,0,0,
1,3,1,101.2819,0,0,
1,0,1,101.3653,0,0,
1,2,1,101.4486,0,0,
1,5,1,101.5319,0,0,
1,4,1,101.6153,0,0,
1,3,1,101.6986,0,0,
1,2,1,101.782,0,0,
1,6,1,101.8653,0,0,
1,4,1,101.9486,0,0,
1,0,1,102.032,0,0,
1,2,1,102.1153,0,0,
1,6,1,102.1986,0,0,
1,3,1,102.282,0,0,
1,1,1,102.3653,0,0,
1,2,1,102.4486,0,0,
1,6,1,102.532,0,0,
1,1,1,102.6153,0,0,
1,0,1,102.6986,0,0,
1,3,1,102.782,0,0,
1,0,1,102.8653,0,0,
1,2,1,102.9487,0,0,
1,1,1,103.032,0,0,
1,5,1,103.1153,0,0,
1,6,1,103.1987,0,0,
1,5,1,103.282,0,0,
1,4,1,103.3653,0,0,
1,3,1,103.4487,0,0,
1,5,1,103.532,0,0,
1,6,1,103.6153,0,0,
1,0,1,103.6987,0,0,
1,2,1,103.782,0,0,
1,0,1,103.8653,0,0,
1,1,1,103.9487,0,0,
1,2,1,104.032,0,0,
1,4,1,104.1154,0,0,
1,2,1,104.1987,0,0,
1,4,1,104.282,0,0,
1,0,1,104.3654,0,0,
1,4,1,104.4487,0,0,
1,1,1,104.532,0,0,
1,6,1,104.6154,0,0,
1,4,1,104.6987,0,0,
1,0,1,104.782,0,0,
1,4,1,104.8654,0,0,
1,2,1,104.9487,0,0,
1,4,1,105.0321,0,0,
1,1,1,105.1154,0,0,
1,3,1,105.1987,0,0,
1,2,1,105.2821,0,0,
1,3,1,105.3654,0,0,
1,1,1,105.4487,0,0,
1,2,1,105.5321,0,0,
1,0,1,105.6154,0,0,
1,6,1,105.6987,0,0,
1,2,1,105.7821,0,0,
1,1,1,105.8654,0,0,
1,4,1,105.9487,0,0,
1,2,1,106.0321,0,0,
1,5,1,106.1154,0,0,
1,2,1,106.1988,0,0,
1,1,1,106.2821,0,0,
1,6,1,106.3654,0,0,
1,0,1,106.4488,0,0,
1,2,1,106.5321,0,0,
1,1,1,106.6154,0,0,
1,6,1,106.6988,0,0,
1,5,1,106.7821,0,0,
1,3,1,106.8654,0,0,
1,5,1,106.9488,0,0,
1,3,1,107.0321,0,0,
1,5,1,107.1154,0,0,
1,3,1,107.1988,0,0,
1,6,1,107.2821,0,0,
1,4,1,107.3655,0,0,
1,3,1,107.4488,0,0,
1,6,1,107.5321,0,0,
1,4,1,107.6155,0,0,
1,3,1,107.6988,0,0,
1,2,1,107.7821,0,0,
1,1,1,107.8655,0,0,
1,0,1,107.9488,0,0,
1,4,1,108.0321,0,0,
1,5,1,108.1155,0,0,
1,6,1,108.1988,0,0,
1,0,1,108.2822,0,0,
1,6,1,108.3655,0,0,
1,5,1,108.4488,0,0,
1,6,1,108.5322,0,0,
1,2,1,108.6155,0,0,
1,0,1,108.6988,0,0,
1,3,1,108.7822,0,0,
1,6,1,108.8655,0,0,
1,0,1,108.9488,0,0,
1,1,1,109.0322,0,0,
1,2,1,109.1155,0,0,
1,6,1,109.1988,0,0,
1,5,1,109.2822,0,0,
1,4,1,109.3655,0,0,
1,0,1,109.4489,0,0,
1,4,1,109.5322,0,0,
1,5,1,109.6155,0,0,
1,6,1,109.6989,0,0,
1,1,1,109.7822,0,0,
1,2,1,109.8655,0,0,
1,1,1,109.9489,0,0,
1,2,1,110.0322,0,0,
1,4,1,110.1155,0,0,
1,3,1,110.1989,0,0,
1,6,1,110.2822,0,0,
1,5,1,110.3655,0,0,
1,4,1,110.4489,0,0,
1,5,1,110.5322,0,0,
1,2,1,110.6156,0,0,
1,3,1,110.6989,0,0,
1,6,1,110.7822,0,0,
1,5,1,110.8656,0,0,
1,6,1,110.9489,0,0,
1,2,1,111.0322,0,0,
1,4,1,111.1156,0,0,
1,6,1,111.1989,0,0,
1,4,1,111.2822,0,0,
1,3,1,111.3656,0,0,
1,0,1,111.4489,0,0,
1,3,1,111.5322,0,0,
1,1,1,111.6156,0,0,
1,2,1,111.6989,0,0,
1,1,1,111.7823,0,0,
1,5,1,111.8656,0,0,
1,3,1,111.9489,0,0,
1,4,1,112.0323,0,0,
1,1,1,112.1156,0,0,
1,0,1,112.1989,0,0,
1,2,1,112.4489,0,0,
1,3,1,112.6989,0,0,
1,5,1,112.9489,0,0,
1,1,1,113.1989,0,0,
1,0,1,113.3239,0,0,
1,4,1,113.4489,0,0,
1,3,1,113.5739,0,0,
1,4,1,113.6989,0,0,
1,6,1,113.8239,0,0,
1,5,1,113.9489,0,0,
1,3,1,114.1989,0,0,
1,4,1,114.4489,0,0,
1,1,1,114.6989,0,0,
1,4,1,114.9489,0,0,
1,6,1,115.1989,0,0,
1,6,1,115.3239,1,0,
1,0,1,115.3239,0,0,
1,3,1,115.4489,0,0,
1,2,1,115.5739,0,0,
1,6,1,115.6989,0,0,
1,3,1,115.8239,0,0,
1,6,1,115.9489,0,0,
1,0,1,116.1989,0,0,
1,3,1,116.4489,0,0,
1,3,1,116.6989,0,0,
1,3,1,116.9489,0,0,
1,2,1,117.1989,0,0,
1,5,1,117.3239,0,0,
1,4,1,117.4489,0,0,
1,1,1,117.5739,0,0,
1,5,1,117.6989,0,0,
1,3,1,117.8239,0,0,
1,5,1,117.9489,0,0,
1,0,1,118.1989,0,0,
1,2,1,118.4489,0,0,
1,4,1,118.6989,0,0,
1,0,1,118.9489,0,0,
1,3,1,119.1989,0,0,
1,1,1,119.3239,0,0,
1,3,1,119.4489,0,0,
1,0,1,119.5739,0,0,
1,2,1,119.6989,0,0,
1,0,1,119.8239,0,0,
1,2,1,119.9489,0,0,
1,5,1,120.1989,0,0,
1,3,1,120.3239,0,0,
1,2,1,120.4489,0,0,
1,1,1,120.5739,0,0,
1,6,1,120.6989,0,0,
1,3,1,120.8239,0,0,
1,2,1,120.9489,0,0,
1,6,1,121.0739,0,0,
1,3,1,121.1989,0,0,
1,5,1,121.3239,0,0,
1,4,1,121.4489,0,0,
1,1,1,121.5739,0,0,
1,6,1,121.6989,0,0,
1,5,1,121.8239,0,0,
1,4,1,121.9489,0,0,
1,3,1,122.0739,0,0,
1,5,1,122.1989,0,0,
1,0,1,122.3239,0,0,
1,5,1,122.4489,0,0,
1,0,1,122.5739,0,0,
1,2,1,122.6989,0,0,
1,6,1,122.8239,0,0,
1,4,1,122.9489,0,0,
1,5,1,123.0739,0,0,
1,3,1,123.1989,0,0,
1,5,1,123.3239,0,0,
1,1,1,123.4489,0,0,
1,6,1,123.5739,0,0,
1,0,1,123.6989,0,0,
1,1,1,123.8239,0,0,
1,4,1,123.9489,0,0,
1,1,1,124.0739,0,0,
1,3,1,124.1989,0,0,
1,0,1,124.2823,0,0,
1,2,1,124.3656,0,0,
1,4,1,124.4489,0,0,
1,1,1,124.5323,0,0,
1,2,1,124.6156,0,0,
1,0,1,124.699,0,0,
1,1,1,124.7823,0,0,
1,2,1,124.8656,0,0,
1,0,1,124.949,0,0,
1,4,1,125.0323,0,0,
1,3,1,125.1156,0,0,
1,2,1,125.199,0,0,
1,6,1,125.2823,0,0,
1,2,1,125.3656,0,0,
1,6,1,125.449,0,0,
1,3,1,125.5323,0,0,
1,6,1,125.6156,0,0,
1,3,1,125.699,0,0,
1,1,1,125.7823,0,0,
1,3,1,125.8657,0,0,
1,0,1,125.949,0,0,
1,6,1,126.0323,0,0,
1,2,1,126.1157,0,0,
1,5,1,126.199,0,0,
1,4,1,126.2823,0,0,
1,2,1,126.3657,0,0,
1,3,1,126.449,0,0,
1,5,1,126.5323,0,0,
1,1,1,126.6157,0,0,
1,2,1,126.699,0,0,
1,3,1,126.7823,0,0,
1,5,1,126.8657,0,0,
1,2,1,126.949,0,0,
1,4,1,127.0324,0,0,
1,1,1,127.1157,0,0,
1,5,1,127.199,0,0,
1,4,1,127.2824,0,0,
1,1,1,127.3657,0,0,
1,3,1,127.449,0,0,
1,1,1,127.5324,0,0,
1,2,1,127.6157,0,0,
1,0,1,127.699,0,0,
1,4,1,127.7824,0,0,
1,6,1,127.8657,0,0,
1,1,1,127.9491,0,0,
1,3,1,128.0324,0,0,
1,5,1,128.1157,0,0,
1,0,1,128.199,0,0,
-1,0,0,0,0,0,